NMec = 2020
T = 26
P = 5
Profits not ignored
Solution time = 6.517e+00
Task data
    1  20  2665
    4  17  3383
    5  18  2311
    5  25  3209
    6  39  2976
    7  12  1431
    8  21  1190
   10  24  2611
   14  30  1112
   18  30  1938
   18  34  1560
   18  40  2250
   19  28  1646
   19  34  1559
   20  40  2371
   24  31   879
   26  49  2521
   27  36   982
   27  40  2758
   28  31   793
   32  34   260
   33  37  1172
   33  46   881
   34  48  1523
   42  45   315
   48  51   597
End
