NMec = 2020
T = 27
P = 1
Profits not ignored
Solution time = 9.386e+00
Task data
   36  46  1145
   45  54  1339
   50  73  1692
   51  73  5761
   56  65  1046
   64  70   685
   66  72   604
   66  85  2885
   81 241 18447
  114 134  2663
  120 125   816
  129 139  1794
  132 152  4446
  140 150  2629
  150 168  2430
  182 191  1890
  183 204  1721
  184 203  1919
  184 238  8854
  190 202  1249
  200 213   936
  217 233  2025
  220 229  1166
  221 234  1284
  249 262  3148
  253 266  1596
  256 262   928
End
