NMec = 2020
T = 28
P = 2
Profits not ignored
Solution time = 2.227e+01
Task data
    2  33  3362
    3 109 22867
   23  49  4933
   26  72 11163
   28  43  2507
   28  52  4781
   29 125 19735
   36  46  1508
   39 137 15550
   50  51   505
   62  66   768
   64  66   469
   64  78  2382
   79 105  3554
   81  92  1222
   83  87   570
   83  90   756
   88 110  4860
   90 102  2285
   91 114  3334
  100 117  2517
  102 127  5247
  103 112  1378
  104 124  3009
  105 127  5166
  107 120  1487
  109 115   472
  110 124  2929
End
