NMec = 2020
T = 28
P = 3
Profits not ignored
Solution time = 2.384e+01
Task data
    0  11  2050
    0  23  3896
    0  86 17333
   12  26  1935
   15  23  1536
   16  25  1011
   24  32  1871
   28  34   523
   35  41  2011
   37  44  1229
   38  57  2179
   41  44   657
   41  86  4936
   45  62  2459
   49  50   222
   54  64  2085
   54  71  2263
   60  65  1101
   60  74  3191
   61  64   438
   67  92  2119
   68  82  2215
   72  86  2136
   74  91  2526
   76  87  2214
   77  90  2293
   79  88  1796
   88  93  1253
End
