NMec = 2020
T = 28
P = 6
Profits not ignored
Solution time = 2.753e+01
Task data
    0  46  5138
    1   4   872
    1   5   629
    3  20  2361
    4  15  1201
    5   9   448
    5  15  1412
    7  21  2983
    7  30  4127
   11  33  2034
   12  34  3380
   15  37  2560
   16  31  2222
   16  31  1897
   17  26  1413
   18  31  2015
   19  31  1634
   20  27  1311
   20  41  1735
   27  33  1169
   28  41  3386
   28  42  1412
   30  45  3409
   31  35   473
   31  40  2250
   31  46  1088
   33  45  1315
   34  44  2268
End
