NMec = 2020
T = 29
P = 3
Profits not ignored
Solution time = 5.112e+01
Task data
    2  26  6916
    6  14  1556
    6  19  2547
   11  20  1060
   14  20  1003
   18  50  3165
   20  40  3391
   23  41  4483
   25  30   394
   27  47  3060
   27  49  5277
   37  54  2886
   37  59  5726
   42  62  2086
   43  52  1290
   48  62  3637
   53  71  3141
   55  70  2311
   57  73  2375
   64  76  2146
   64  88  4294
   64  91  3275
   66  80  2427
   74  77   400
   75  88  2400
   76  92  2228
   77  92  1411
   82  86   966
   83  96  2999
End
