NMec = 2020
T = 30
P = 4
Profits not ignored
Solution time = 1.197e+02
Task data
    1   8  1149
    1  16  2898
    2   8   715
    2  21  4342
    2  74  7496
    6  19   846
    8  17  1644
   10  21  1650
   12  21  1970
   12  24  1725
   19  39  3306
   27  33  1299
   27  68  6739
   28  41  2075
   30  39  1718
   33  36   880
   33  52  2695
   33  73  8188
   35  42   975
   37  49  2705
   42  54  1450
   46  55  1009
   50  70  2290
   53  57   938
   54  66  1351
   56  69  3086
   56  72  3743
   56  74  1628
   60  74  2367
   68  73  1505
End
