NMec = 2020
T = 31
P = 8
Profits not ignored
Solution time = 5.863e+02
Task data
    0  15  4314
    0  15  1926
    0  22  3432
    2  29  5164
    4  15  2878
    4  16  3350
    5  11  1104
    8  15   696
    8  16   847
    8  32  4424
    9  23  3944
    9  27  2829
    9  36  3270
   10  29  2938
   13  18  1107
   13  27  3327
   14  25  2474
   14  28  2783
   15  34  4087
   17  25  1035
   17  29  1171
   19  26   543
   22  25   796
   22  33  2304
   23  29   467
   23  37  2491
   24  28   400
   24  29   509
   24  34  1778
   28  35  1178
   29  36  1000
End
