NMec = 2020
T = 31
P = 7
Profits not ignored
Solution time = 5.389e+02
Task data
    1   5   433
    1   9   518
    7  40  5623
   10  14  1107
   10  19   875
   11  16  1289
   11  26  2091
   12  26  3386
   13  28  2093
   13  42  2842
   16  23   525
   17  30  1175
   18  29   982
   20  43  3585
   21  26  1326
   21  30  2168
   22  34  1111
   23  26   738
   24  30  1056
   24  37  2572
   24  42  2989
   25  30   452
   26  40  1693
   26  44  3303
   27  44  1301
   28  42  2244
   28  44  1142
   29  40  2436
   32  44  2764
   35  42   624
   35  44  1504
End
