NMec = 2020
T = 32
P = 1
Profits not ignored
Solution time = 7.404e+02
Task data
    4  24  2228
    5 293 21734
    8 316 75856
   13 193 23854
   15  39  4854
   20  34  2631
   21  45  3050
   39  46  1113
   39  52  2389
   41  52  1128
   43  52  1334
   57  62   613
   64  66   448
  118 130  1569
  134 153  1692
  140 149  2043
  142 148  1286
  147 167  1921
  182 318 13117
  189 199  1345
  225 245  3360
  228 240  1875
  232 254  3218
  236 248  1397
  245 248   521
  246 269  2330
  265 269   417
  278 291  1970
  282 300  2616
  292 299   897
  292 304  2755
  297 307  1711
End
