NMec = 2020
T = 32
P = 2
Profits not ignored
Solution time = 7.571e+02
Task data
   10  18  2114
   18  30  2581
   20  23   805
   21  31  1840
   23  27   378
   23 156 19522
   25  63  5902
   29  37   720
   39  50  1818
   42  56  1313
   43  49  1450
   47  58  1166
   56  72  3078
   60  72  1886
   64  82  1634
   67  77  1285
   76  96  2283
   76  98  4282
   78 101  4610
   82  83   245
   85  91  1580
   87 100  3143
   89  98   824
   94 111  1068
  101 111  3105
  101 115  2183
  108 118  2094
  108 124  2715
  123 127   465
  125 142  1563
  138 144   897
  151 156   840
End
