NMec = 2020
T = 32
P = 3
Profits not ignored
Solution time = 8.365e+02
Task data
    1  25  1904
    5  25  2652
    6  14  2036
    6  23  4031
   10  35  1975
   17  43  5604
   20  34  2776
   20  37  2002
   22  34  1739
   28  46  2318
   31  42  1468
   39  51  2164
   49  62  3443
   51  55   500
   53  65  1633
   55  70  1814
   55  95  6330
   56  74  1952
   59  69  1509
   60  75  3739
   63  77   921
   64  69   710
   71  85  3698
   73  87  2116
   75  77   723
   75  78   526
   77  99  2940
   84 100  1061
   86  91  1161
   86  97  1461
   91  97   779
   99 103   819
End
