NMec = 2020
T = 32
P = 4
Profits not ignored
Solution time = 9.312e+02
Task data
    1  79  7855
    2   7   727
    6  17  1980
    7  18  2595
    8  13   836
    8  51  6739
   15  20  1269
   15  22  1085
   19  26   982
   19  44  3584
   22  32  1351
   23  31   777
   24  35  1013
   24  39  2162
   25  41  2365
   26  46  5069
   31  50  4357
   33  56  2744
   36  50  1501
   37  49  1760
   38  50  2211
   43  49   991
   43  63  2769
   44  48   556
   51  61  1120
   53  54   204
   53  61  1737
   54  68  2757
   54  72  2130
   56  68  1935
   57  61   738
   68  78  2315
End
