NMec = 98324
T = 27
P = 8
Profits ignored
Solution time = 1.582e+01
Task data
    0  15     1
    0  26     1
    1  18     1
    1  23     1
    4  11     1
    4  16     1
    4  16     1
    4  24     1
    6  13     1
    6  14     1
    6  23     1
   10  14     1
   10  16     1
   10  22     1
   11  28     1
   12  30     1
   14  24     1
   15  31     1
   18  31     1
   19  29     1
   21  25     1
   21  27     1
   21  33     1
   23  29     1
   24  30     1
   25  28     1
   31  33     1
End
