NMec = 98324
T = 27
P = 5
Profits ignored
Solution time = 1.278e+01
Task data
    0   8     1
    0  30     1
    0  34     1
    2  17     1
    2  18     1
    6  14     1
    6  18     1
    8  17     1
    8  22     1
   10  16     1
   10  20     1
   10  46     1
   11  28     1
   12  25     1
   12  41     1
   13  35     1
   13  49     1
   20  42     1
   20  51     1
   22  39     1
   24  25     1
   28  47     1
   30  43     1
   31  36     1
   31  38     1
   32  42     1
   39  46     1
End
