NMec = 98324
T = 27
P = 6
Profits ignored
Solution time = 1.312e+01
Task data
    0  21     1
    2  28     1
    3  39     1
    4  18     1
    4  21     1
    7  24     1
    7  28     1
    9  30     1
   11  17     1
   14  30     1
   14  37     1
   15  25     1
   15  41     1
   16  39     1
   17  38     1
   18  24     1
   18  27     1
   18  33     1
   18  35     1
   21  41     1
   21  43     1
   23  26     1
   27  28     1
   28  41     1
   32  38     1
   32  44     1
   35  38     1
End
