NMec = 98324
T = 27
P = 3
Profits ignored
Solution time = 1.118e+01
Task data
    0   7     1
    0  12     1
    2  14     1
    7  15     1
    8  11     1
   12  28     1
   14  51     1
   16  23     1
   16  37     1
   18  51     1
   19  30     1
   22  27     1
   22  41     1
   35  44     1
   36  55     1
   38  78     1
   42  48     1
   51  58     1
   51  60     1
   55  63     1
   60  70     1
   62  71     1
   62  73     1
   67  74     1
   68  77     1
   75  84     1
   82  85     1
End
