NMec = 98324
T = 28
P = 2
Profits ignored
Solution time = 2.106e+01
Task data
    3  15     1
    4  24     1
   11  23     1
   18  30     1
   23  28     1
   31  40     1
   36  44     1
   39  47     1
   42  63     1
   45  72     1
   45 106     1
   51  60     1
   62  84     1
   70  86     1
   70  86     1
   81  92     1
   82  93     1
   83  86     1
   83 104     1
   90 100     1
   93 111     1
   99 121     1
  102 112     1
  105 116     1
  106 113     1
  117 121     1
  122 131     1
  129 139     1
End
