NMec = 98324
T = 28
P = 8
Profits ignored
Solution time = 2.951e+01
Task data
    1  14     1
    1  33     1
    2   8     1
    3  15     1
    3  32     1
    4  20     1
    6  22     1
    6  33     1
    8  12     1
    9  22     1
   10  22     1
   11  28     1
   11  29     1
   12  21     1
   12  27     1
   14  24     1
   14  25     1
   14  26     1
   14  31     1
   14  32     1
   15  28     1
   16  27     1
   17  32     1
   17  34     1
   19  26     1
   20  29     1
   20  31     1
   31  33     1
End
