NMec = 98324
T = 28
P = 6
Profits ignored
Solution time = 2.700e+01
Task data
    4  12     1
    5  35     1
    6  15     1
    6  21     1
    7  25     1
    8  20     1
    8  26     1
    8  26     1
    8  27     1
   10  22     1
   12  31     1
   14  46     1
   15  21     1
   16  23     1
   17  26     1
   20  46     1
   22  26     1
   22  30     1
   22  34     1
   22  35     1
   23  28     1
   25  35     1
   25  41     1
   26  28     1
   26  35     1
   26  35     1
   33  40     1
   41  46     1
End
