NMec = 98324
T = 29
P = 3
Profits ignored
Solution time = 4.779e+01
Task data
    2  91     1
    5  22     1
    7  40     1
    8  20     1
   10  26     1
   10  28     1
   10  96     1
   14  23     1
   29  38     1
   29  48     1
   32  42     1
   44  51     1
   44  65     1
   45  48     1
   50  74     1
   52  68     1
   53  64     1
   55  77     1
   56  77     1
   56  80     1
   60  76     1
   60  88     1
   65  78     1
   70  77     1
   70  79     1
   72  78     1
   72  83     1
   86  94     1
   91  96     1
End
