NMec = 98324
T = 29
P = 1
Profits ignored
Solution time = 4.025e+01
Task data
    5  28     1
   22  33     1
   25  34     1
   26 233     1
   50  70     1
   52 278     1
   55 216     1
   57  83     1
   75  99     1
   97 122     1
  102 123     1
  118 154     1
  122 141     1
  142 160     1
  145 162     1
  160 181     1
  167 175     1
  201 206     1
  211 228     1
  216 222     1
  228 235     1
  235 241     1
  250 274     1
  251 260     1
  251 270     1
  261 277     1
  274 288     1
  282 285     1
  282 287     1
End
