NMec = 98324
T = 29
P = 6
Profits ignored
Solution time = 5.704e+01
Task data
    0  14     1
    1   7     1
    1   7     1
    1  47     1
    4  13     1
    5  13     1
    6  46     1
    7  19     1
    7  26     1
    8  14     1
    9  16     1
   11  21     1
   13  29     1
   13  34     1
   13  38     1
   15  46     1
   17  26     1
   19  20     1
   20  34     1
   21  38     1
   24  38     1
   24  47     1
   25  33     1
   27  40     1
   28  38     1
   30  37     1
   32  39     1
   39  46     1
   44  48     1
End
