NMec = 98324
T = 29
P = 4
Profits ignored
Solution time = 5.050e+01
Task data
    1  17     1
    2   6     1
    3  50     1
    3  72     1
    4  10     1
   10  19     1
   13  26     1
   13  30     1
   14  33     1
   15  28     1
   16  30     1
   16  33     1
   17  32     1
   18  40     1
   22  32     1
   24  43     1
   25  38     1
   26  27     1
   27  36     1
   28  29     1
   30  41     1
   31  41     1
   33  44     1
   35  43     1
   37  42     1
   37  47     1
   41  71     1
   48  59     1
   56  71     1
End
