NMec = 98324
T = 31
P = 6
Profits ignored
Solution time = 2.410e+02
Task data
    0  16     1
    0  16     1
    2  12     1
    4  16     1
    4  24     1
    4  41     1
    5  22     1
    5  27     1
    6  50     1
    7  13     1
    8  27     1
    9  20     1
    9  24     1
   11  18     1
   15  31     1
   15  34     1
   16  20     1
   18  22     1
   18  35     1
   19  24     1
   19  31     1
   21  40     1
   26  38     1
   27  39     1
   29  40     1
   32  36     1
   33  50     1
   34  45     1
   36  46     1
   39  46     1
   44  47     1
End
