NMec = 98324
T = 31
P = 8
Profits ignored
Solution time = 2.687e+02
Task data
    0  24     1
    0  35     1
    1  13     1
    1  16     1
    2  25     1
    2  32     1
    3  24     1
    6   9     1
    6  25     1
    7  25     1
    8  15     1
    8  18     1
    9  23     1
    9  34     1
   11  17     1
   11  21     1
   12  21     1
   13  32     1
   14  38     1
   15  25     1
   15  26     1
   16  35     1
   17  24     1
   19  33     1
   19  36     1
   22  32     1
   22  34     1
   23  28     1
   25  33     1
   27  36     1
   30  38     1
End
