NMec = 98324
T = 32
P = 3
Profits ignored
Solution time = 4.094e+02
Task data
    4  20     1
    8  19     1
   10  17     1
   11  26     1
   12  21     1
   17  35     1
   19  27     1
   28  35     1
   29  40     1
   29  42     1
   34  52     1
   40  59     1
   42  61     1
   48  71     1
   51  61     1
   52  56     1
   53  74     1
   55  71     1
   59  73     1
   63  80     1
   64  76     1
   73  96     1
   79  89     1
   82  89     1
   82  93     1
   82 101     1
   84  89     1
   84 101     1
   85  89     1
   89  90     1
   95 103     1
  100 104     1
End
