NMec = 98324
T = 32
P = 6
Profits ignored
Solution time = 4.817e+02
Task data
    0  10     1
    1  14     1
    2   5     1
    2  17     1
    3  12     1
    4  13     1
    4  32     1
    5  11     1
    5  16     1
    6   9     1
    8  24     1
    9  29     1
   12  17     1
   13  30     1
   13  32     1
   13  35     1
   14  28     1
   16  27     1
   16  30     1
   21  36     1
   24  33     1
   25  33     1
   25  40     1
   26  37     1
   27  44     1
   28  44     1
   31  41     1
   31  45     1
   33  49     1
   40  52     1
   40  52     1
   45  52     1
End
