NMec = 98324
T = 32
P = 5
Profits ignored
Solution time = 4.637e+02
Task data
    2  53     1
    4  18     1
    5  18     1
    9  27     1
   10  28     1
   11  16     1
   12  25     1
   12  35     1
   13  15     1
   17  23     1
   21  36     1
   22  34     1
   23  40     1
   24  39     1
   25  32     1
   25  45     1
   26  56     1
   28  43     1
   29  37     1
   29  37     1
   29  41     1
   29  48     1
   30  35     1
   32  46     1
   35  51     1
   36  40     1
   36  53     1
   37  51     1
   39  55     1
   41  46     1
   47  59     1
   54  56     1
End
