NMec = 98324
T = 27
P = 1
Profits ignored
Solution time = 1.501e+01
Task data
    6 176     1
   12  95     1
   15  37     1
   18  24     1
   26  41     1
   33  46     1
   58  67     1
   60  86     1
   65  76     1
   86  96     1
   91 109     1
   98  99     1
   98 116     1
  122 130     1
  125 140     1
  137 197     1
  146 261     1
  150 162     1
  177 202     1
  180 200     1
  185 188     1
  192 208     1
  211 226     1
  211 227     1
  243 254     1
  245 262     1
  249 256     1
End
