NMec = 98324
T = 27
P = 7
Profits ignored
Solution time = 2.052e+01
Task data
    1  28     1
    2   5     1
    2  13     1
    2  24     1
    4  15     1
    5  20     1
    5  26     1
    5  30     1
    7  19     1
    8  18     1
    8  26     1
   10  29     1
   11  28     1
   12  32     1
   13  18     1
   13  25     1
   14  22     1
   15  37     1
   17  34     1
   17  35     1
   18  34     1
   19  33     1
   21  23     1
   22  24     1
   22  30     1
   22  33     1
   26  32     1
End
