NMec = 98324
T = 28
P = 1
Profits ignored
Solution time = 3.053e+01
Task data
    5  21     1
   28  49     1
   32  48     1
   35  45     1
   94 115     1
  116 131     1
  116 134     1
  131 142     1
  133 141     1
  139 144     1
  139 149     1
  151 170     1
  155 180     1
  163 172     1
  173 261     1
  187 190     1
  193 215     1
  200 210     1
  201 275     1
  206 215     1
  214 225     1
  220 224     1
  226 240     1
  227 248     1
  243 252     1
  252 266     1
  252 269     1
  260 268     1
End
