NMec = 98324
T = 29
P = 5
Profits ignored
Solution time = 8.348e+01
Task data
    1  45     1
    3   8     1
    3  28     1
    3  55     1
    5  20     1
    6  16     1
    7  20     1
    9  26     1
   10  28     1
   10  37     1
   12  30     1
   13  18     1
   14  25     1
   16  18     1
   16  28     1
   19  37     1
   21  28     1
   21  33     1
   22  24     1
   23  35     1
   24  37     1
   25  46     1
   30  36     1
   34  44     1
   35  40     1
   37  44     1
   38  56     1
   39  53     1
   45  53     1
End
