NMec = 98324
T = 29
P = 7
Profits ignored
Solution time = 8.892e+01
Task data
    0  17     1
    1  41     1
    2  10     1
    2  12     1
    3  11     1
    4  15     1
    5  11     1
    5  30     1
    7  17     1
    7  19     1
    7  28     1
    8  20     1
    8  21     1
    8  33     1
    9  31     1
   10  18     1
   11  30     1
   12  27     1
   13  32     1
   14  16     1
   14  28     1
   14  39     1
   19  27     1
   21  32     1
   22  38     1
   23  40     1
   26  35     1
   30  39     1
   32  37     1
End
