NMec = 98324
T = 30
P = 8
Profits ignored
Solution time = 1.836e+02
Task data
    1  17     1
    1  29     1
    2  25     1
    3  19     1
    4  10     1
    4  19     1
    5  28     1
    6  24     1
    6  31     1
    7  22     1
    8  14     1
    8  27     1
    9  19     1
    9  20     1
    9  29     1
    9  34     1
   10  25     1
   11  23     1
   11  36     1
   14  29     1
   16  22     1
   18  20     1
   18  35     1
   19  30     1
   20  25     1
   23  32     1
   24  32     1
   26  36     1
   27  36     1
   30  37     1
End
