NMec = 98324
T = 30
P = 2
Profits ignored
Solution time = 1.436e+02
Task data
    0  24     1
    1   4     1
    6  13     1
   11  28     1
   15  33     1
   19  39     1
   21  32     1
   29 120     1
   31  51     1
   31  53     1
   34  46     1
   39  45     1
   44  47     1
   52  66     1
   53  60     1
   54  71     1
   56  71     1
   61  74     1
   78  83     1
   86  98     1
   86 105     1
   89 104     1
   89 108     1
  106 130     1
  110 115     1
  111 120     1
  120 127     1
  127 134     1
  132 137     1
  134 149     1
End
