NMec = 98324
T = 30
P = 7
Profits ignored
Solution time = 1.795e+02
Task data
    0  13     1
    1   7     1
    1   7     1
    1  13     1
    3  17     1
    3  18     1
    4  21     1
    5   8     1
    5  18     1
    7  25     1
    9  24     1
    9  36     1
   11  19     1
   12  16     1
   13  18     1
   16  27     1
   16  30     1
   16  35     1
   17  21     1
   17  24     1
   20  38     1
   21  31     1
   22  24     1
   22  29     1
   23  41     1
   30  40     1
   32  38     1
   32  42     1
   33  37     1
   38  41     1
End
