NMec = 98324
T = 30
P = 1
Profits ignored
Solution time = 1.325e+02
Task data
    5  10     1
    8  15     1
   14  39     1
   15  24     1
   15  30     1
   75  78     1
   85 118     1
   86 129     1
  101 279     1
  106 123     1
  132 149     1
  148 158     1
  156 164     1
  169 188     1
  190 197     1
  194 284     1
  210 216     1
  216 222     1
  222 244     1
  229 241     1
  229 253     1
  230 242     1
  234 250     1
  236 250     1
  246 253     1
  249 268     1
  251 268     1
  264 284     1
  266 271     1
  283 298     1
End
