NMec = 98324
T = 30
P = 3
Profits ignored
Solution time = 1.510e+02
Task data
    0  26     1
    0  56     1
   10  26     1
   12  23     1
   13  98     1
   15  32     1
   26  35     1
   28  31     1
   29  43     1
   31  50     1
   33  53     1
   36  46     1
   38  44     1
   38  57     1
   40  52     1
   40  56     1
   43  90     1
   44  64     1
   56  70     1
   58  72     1
   61  67     1
   61  73     1
   61  73     1
   66  74     1
   67  88     1
   77  83     1
   78  91     1
   83  89     1
   84  92     1
   86  99     1
End
