NMec = 98324
T = 31
P = 1
Profits ignored
Solution time = 2.913e+02
Task data
    0  21     1
    1   8     1
   19  47     1
   20  28     1
   28 139     1
   30  38     1
   33  52     1
   34  50     1
   43  63     1
   47  59     1
   52  54     1
   61  75     1
   62  87     1
   63  73     1
   71  89     1
   83  92     1
   84  90     1
   94  96     1
  125 147     1
  185 187     1
  195 208     1
  201 226     1
  218 230     1
  222 225     1
  225 227     1
  239 259     1
  241 253     1
  260 286     1
  265 268     1
  269 281     1
  273 276     1
End
