NMec = 98324
T = 31
P = 4
Profits ignored
Solution time = 3.522e+02
Task data
    0   8     1
    0  13     1
    3   4     1
    4  77     1
    5  23     1
    6  14     1
    7  17     1
    7  68     1
    8  69     1
    9  55     1
   11  28     1
   18  26     1
   21  37     1
   22  37     1
   33  57     1
   34  52     1
   35  41     1
   36  64     1
   39  48     1
   42  62     1
   45  47     1
   49  59     1
   50  71     1
   56  65     1
   56  66     1
   57  60     1
   59  63     1
   62  68     1
   62  77     1
   64  72     1
   66  73     1
End
