NMec = 98324
T = 31
P = 7
Profits ignored
Solution time = 3.766e+02
Task data
    0   8     1
    0  41     1
    1   6     1
    1  26     1
    2  34     1
    5  16     1
    5  16     1
    7  27     1
    8  25     1
   11  26     1
   11  27     1
   12  23     1
   14  24     1
   15  26     1
   16  37     1
   17  26     1
   18  25     1
   20  41     1
   21  44     1
   23  40     1
   24  33     1
   24  37     1
   25  34     1
   25  40     1
   26  43     1
   26  44     1
   27  33     1
   30  31     1
   31  33     1
   31  42     1
   35  37     1
End
