NMec = 98324
T = 31
P = 2
Profits ignored
Solution time = 3.179e+02
Task data
    3 152     1
   11  25     1
   15  39     1
   15  41     1
   18  31     1
   21  40     1
   27  29     1
   39  56     1
   39  98     1
   40  52     1
   47  68     1
   51  62     1
   63  84     1
   64  83     1
   80  93     1
   82  96     1
   84 100     1
   85 108     1
   87  89     1
   99 115     1
  101 117     1
  102 109     1
  102 124     1
  103 111     1
  112 129     1
  113 127     1
  117 125     1
  126 142     1
  130 140     1
  133 145     1
  143 154     1
End
