NMec = 98324
T = 32
P = 4
Profits ignored
Solution time = 7.164e+02
Task data
    9  12     1
    9  23     1
   10  19     1
   11  18     1
   12  35     1
   15  78     1
   17  27     1
   18  25     1
   21  39     1
   22  39     1
   23  31     1
   23  41     1
   24  37     1
   25  35     1
   28  39     1
   28  47     1
   30  49     1
   32  46     1
   33  53     1
   38  63     1
   46  55     1
   47  49     1
   51  69     1
   53  55     1
   54  77     1
   56  65     1
   60  74     1
   61  71     1
   66  72     1
   67  71     1
   69  76     1
   77  79     1
End
