NMec = 98324
T = 32
P = 2
Profits ignored
Solution time = 6.264e+02
Task data
    0 119     1
    4  15     1
   20  43     1
   21  41     1
   28  56     1
   39  49     1
   40  47     1
   45  59     1
   46  55     1
   46  70     1
   50  68     1
   51  67     1
   64  72     1
   64  75     1
   66  74     1
   76  97     1
   77  81     1
   85 101     1
   87  93     1
   90 108     1
   95 119     1
   96 110     1
  101 107     1
  105 124     1
  106 114     1
  108 119     1
  108 130     1
  117 128     1
  136 145     1
  138 159     1
  140 158     1
  146 155     1
End
