NMec = 98324
T = 32
P = 7
Profits ignored
Solution time = 7.941e+02
Task data
    0   8     1
    0  13     1
    1  43     1
    2  32     1
    4  14     1
    4  25     1
    5  11     1
    5  29     1
    5  33     1
    7  12     1
    9  21     1
   10  20     1
   11  23     1
   12  16     1
   13  19     1
   14  32     1
   14  33     1
   18  27     1
   20  31     1
   21  29     1
   21  41     1
   23  31     1
   24  39     1
   25  38     1
   25  41     1
   26  33     1
   29  38     1
   30  37     1
   30  41     1
   32  40     1
   36  41     1
   37  40     1
End
