NMec = 98324
T = 32
P = 8
Profits ignored
Solution time = 8.193e+02
Task data
    0   5     1
    0  14     1
    1   8     1
    1  27     1
    2  39     1
    3  15     1
    3  26     1
    4   5     1
    4  14     1
    4  22     1
    4  24     1
    6  10     1
    6  15     1
    8  22     1
    8  32     1
    9  21     1
   10  31     1
   10  33     1
   11  26     1
   14  24     1
   14  36     1
   15  19     1
   16  39     1
   19  22     1
   19  28     1
   19  31     1
   23  33     1
   24  35     1
   25  31     1
   25  39     1
   27  38     1
   32  35     1
End
