NMec = 98324
T = 27
P = 4
Profits ignored
Solution time = 1.928e+00
Task data
    1  12     1
    3  22     1
    7  27     1
   11  14     1
   11  26     1
   15  19     1
   16  40     1
   18  63     1
   19  28     1
   19  36     1
   22  30     1
   22  40     1
   22  46     1
   22  47     1
   24  30     1
   28  35     1
   34  51     1
   36  53     1
   39  51     1
   39  54     1
   43  56     1
   47  60     1
   49  52     1
   51  64     1
   52  66     1
   55  63     1
   59  67     1
End
