NMec = 98324
T = 27
P = 9
Profits ignored
Solution time = 5.167e+00
Task data
    0  15     1
    0  16     1
    0  19     1
    0  20     1
    1  13     1
    2  14     1
    2  22     1
    4  18     1
    6  21     1
    6  29     1
    7  17     1
    7  29     1
    8  12     1
    8  25     1
    9  16     1
    9  27     1
   10  21     1
   10  23     1
   10  25     1
   13  29     1
   14  23     1
   14  28     1
   14  29     1
   15  27     1
   16  21     1
   16  23     1
   17  23     1
End
