NMec = 98324
T = 27
P = 2
Profits ignored
Solution time = 5.938e-01
Task data
    1  11     1
    5  16     1
   15  34     1
   19  28     1
   29  42     1
   36  44     1
   40  54     1
   51  67     1
   56  69     1
   58  75     1
   63  68     1
   65  87     1
   66  89     1
   67  80     1
   82  94     1
   86  92     1
   87  93     1
   89 101     1
   90  97     1
  101 116     1
  102 110     1
  102 120     1
  103 123     1
  106 126     1
  109 118     1
  110 119     1
  129 134     1
End
