NMec = 98324
T = 27
P = 10
Profits ignored
Solution time = 1.570e+01
Task data
    0  14     1
    0  29     1
    1  12     1
    2  13     1
    5   9     1
    5  18     1
    6  19     1
    6  21     1
    6  27     1
    7  17     1
    7  20     1
    9  20     1
    9  26     1
   11  22     1
   12  20     1
   12  21     1
   13  28     1
   14  23     1
   15  24     1
   16  21     1
   17  25     1
   18  20     1
   18  23     1
   21  26     1
   22  28     1
   22  28     1
   24  27     1
End
