NMec = 98324
T = 28
P = 9
Profits ignored
Solution time = 2.082e+01
Task data
    0   8     1
    1  11     1
    1  15     1
    2  27     1
    3   4     1
    3  20     1
    4  23     1
    5  10     1
    5  17     1
    6  21     1
    6  21     1
    6  28     1
    7  11     1
    7  24     1
    8  12     1
    8  18     1
    8  29     1
    9  18     1
    9  25     1
   11  24     1
   12  23     1
   14  27     1
   14  31     1
   15  30     1
   18  28     1
   19  27     1
   21  29     1
   21  30     1
End
