NMec = 98324
T = 28
P = 3
Profits ignored
Solution time = 1.445e+00
Task data
    0  10     1
    1  22     1
    4  18     1
    5  13     1
    6  93     1
    9  82     1
   10  20     1
   12  19     1
   12  27     1
   16  84     1
   18  35     1
   24  35     1
   29  42     1
   41  48     1
   41  49     1
   41  60     1
   45  53     1
   46  65     1
   57  70     1
   58  67     1
   59  78     1
   64  85     1
   66  80     1
   69  77     1
   73  81     1
   73  82     1
   73  89     1
   80  88     1
End
