NMec = 98324
T = 28
P = 4
Profits ignored
Solution time = 4.361e+00
Task data
    0  13     1
    0  59     1
    1  12     1
    1  18     1
    1  68     1
    5  12     1
    6  26     1
   12  20     1
   15  22     1
   18  30     1
   19  40     1
   19  41     1
   23  49     1
   24  41     1
   25  31     1
   29  50     1
   33  42     1
   41  45     1
   42  56     1
   43  63     1
   44  52     1
   44  67     1
   45  51     1
   46  59     1
   49  59     1
   54  56     1
   55  62     1
   56  57     1
End
