NMec = 98324
T = 28
P = 7
Profits ignored
Solution time = 8.232e+00
Task data
    1   6     1
    1  19     1
    1  26     1
    2  18     1
    2  29     1
    5  17     1
    6  13     1
    6  17     1
    7  24     1
    8  19     1
    8  25     1
    8  27     1
    8  35     1
   11  26     1
   13  30     1
   14  34     1
   16  23     1
   17  21     1
   17  27     1
   18  20     1
   19  36     1
   20  31     1
   21  27     1
   23  29     1
   24  31     1
   24  36     1
   27  36     1
   31  35     1
End
