NMec = 98324
T = 28
P = 5
Profits ignored
Solution time = 1.179e+00
Task data
    1  10     1
    1  24     1
    2  21     1
    3  37     1
    4  26     1
    5  18     1
    5  18     1
    5  22     1
    6  32     1
    6  45     1
    8  23     1
    9  12     1
   11  27     1
   11  30     1
   11  51     1
   11  53     1
   12  30     1
   15  27     1
   17  49     1
   20  33     1
   24  41     1
   25  36     1
   26  28     1
   26  30     1
   32  52     1
   34  44     1
   46  55     1
   49  55     1
End
