NMec = 98324
T = 28
P = 10
Profits ignored
Solution time = 1.947e+01
Task data
    0   5     1
    0  13     1
    0  14     1
    1  10     1
    2  12     1
    3  18     1
    3  20     1
    3  23     1
    3  26     1
    3  26     1
    4  12     1
    5  14     1
    6  17     1
    6  21     1
    7  16     1
    8  17     1
    8  18     1
    8  23     1
    9  19     1
    9  23     1
   10  22     1
   12  23     1
   12  26     1
   13  19     1
   15  27     1
   17  29     1
   22  28     1
   22  28     1
End
