NMec = 98324
T = 29
P = 8
Profits ignored
Solution time = 1.305e+01
Task data
    0  10     1
    1   7     1
    1  17     1
    1  18     1
    1  23     1
    2   8     1
    2  10     1
    2  10     1
    3  14     1
    4  20     1
    5  14     1
    5  25     1
    5  31     1
    6  17     1
    6  20     1
    6  28     1
    8  10     1
    9  16     1
    9  25     1
    9  34     1
   10  21     1
   10  22     1
   10  30     1
   11  23     1
   11  29     1
   15  35     1
   17  30     1
   18  33     1
   28  33     1
End
