NMec = 98324
T = 29
P = 9
Profits ignored
Solution time = 2.671e+01
Task data
    0   6     1
    0  10     1
    0  12     1
    1  12     1
    2  17     1
    2  23     1
    2  23     1
    4  11     1
    4  16     1
    4  22     1
    4  25     1
    5  10     1
    5  21     1
    6  13     1
    6  27     1
    6  28     1
    7  17     1
    7  32     1
    8  22     1
    9  26     1
   11  20     1
   11  21     1
   12  24     1
   12  28     1
   13  27     1
   16  30     1
   19  28     1
   20  23     1
   20  27     1
End
