NMec = 98324
T = 29
P = 2
Profits ignored
Solution time = 4.315e+00
Task data
    4  14     1
    4  14     1
   16  26     1
   19  39     1
   24  35     1
   30  49     1
   35  45     1
   38  46     1
   43  56     1
   53  68     1
   66  75     1
   67  72     1
   72  83     1
   74  81     1
   80  83     1
   82 101     1
   86  92     1
   87 103     1
   93 102     1
   95 104     1
  103 124     1
  108 124     1
  110 126     1
  116 127     1
  118 135     1
  121 140     1
  122 134     1
  125 133     1
  126 138     1
End
