NMec = 98324
T = 30
P = 4
Profits ignored
Solution time = 1.259e+01
Task data
    1   9     1
    1  11     1
    2  13     1
    3  12     1
    4  18     1
    4  62     1
    5  31     1
    6  13     1
    6  59     1
    8  11     1
    8  71     1
   10  29     1
   17  23     1
   20  34     1
   22  25     1
   25  30     1
   29  32     1
   30  38     1
   31  46     1
   34  40     1
   37  58     1
   40  62     1
   41  61     1
   44  65     1
   45  67     1
   48  50     1
   49  63     1
   51  60     1
   53  72     1
   54  64     1
End
