NMec = 98324
T = 30
P = 5
Profits ignored
Solution time = 1.367e+01
Task data
    1   9     1
    1  25     1
    3  16     1
    4  16     1
    5  12     1
    6  19     1
    6  28     1
    7  28     1
    9  16     1
   10  54     1
   11  19     1
   12  19     1
   13  20     1
   16  37     1
   17  49     1
   18  50     1
   21  52     1
   22  37     1
   22  43     1
   24  48     1
   29  46     1
   34  57     1
   35  58     1
   36  53     1
   39  41     1
   40  59     1
   42  51     1
   43  55     1
   45  54     1
   47  58     1
End
