NMec = 98324
T = 30
P = 6
Profits ignored
Solution time = 1.111e+01
Task data
    0  39     1
    0  47     1
    3  15     1
    5   6     1
    6  26     1
   13  28     1
   14  16     1
   15  22     1
   15  26     1
   15  30     1
   15  34     1
   16  28     1
   16  35     1
   17  36     1
   19  38     1
   21  40     1
   21  44     1
   24  32     1
   25  34     1
   25  37     1
   26  49     1
   28  40     1
   28  48     1
   30  42     1
   32  44     1
   33  39     1
   33  48     1
   35  42     1
   40  47     1
   42  43     1
End
