NMec = 98324
T = 31
P = 3
Profits ignored
Solution time = 1.948e+00
Task data
    7  22     1
    7  74     1
   11  39     1
   13  25     1
   13  28     1
   15  22     1
   15  26     1
   15  29     1
   16  21     1
   18  92     1
   19  25     1
   19  27     1
   21  47     1
   28  50     1
   33  40     1
   45  60     1
   45  66     1
   46  54     1
   46  62     1
   48  60     1
   49  56     1
   49  58     1
   50  67     1
   56  65     1
   61  95     1
   63  64     1
   66  75     1
   68  88     1
   71  96     1
   87  92     1
   96 100     1
End
