NMec = 98324
T = 31
P = 5
Profits ignored
Solution time = 1.016e+01
Task data
    0   9     1
    1  23     1
    3  50     1
    8  58     1
   11  56     1
   12  28     1
   12  32     1
   14  37     1
   17  35     1
   19  22     1
   21  42     1
   23  30     1
   24  34     1
   25  58     1
   26  41     1
   28  42     1
   29  35     1
   29  38     1
   31  45     1
   35  48     1
   36  52     1
   37  61     1
   38  48     1
   38  59     1
   39  48     1
   40  46     1
   40  53     1
   41  58     1
   46  54     1
   47  54     1
   49  55     1
End
