NMec = 98324
T = 32
P = 1
Profits ignored
Solution time = 8.904e-01
Task data
   13  23     1
   23 265     1
   24  37     1
   27  31     1
   35  48     1
   48  59     1
   84 104     1
   91 106     1
  105 112     1
  113 130     1
  119 136     1
  126 132     1
  133 153     1
  137 157     1
  149 164     1
  165 179     1
  178 186     1
  183 202     1
  196 204     1
  199 208     1
  212 221     1
  218 242     1
  241 249     1
  249 270     1
  254 263     1
  258 266     1
  266 274     1
  270 278     1
  277 295     1
  279 295     1
  289 297     1
  307 311     1
End
