NMec = 98324
T = 33
P = 2
Profits ignored
Solution time = 5.330e+00
Task data
    0 163     1
    4 155     1
    6  17     1
   10  26     1
   15  31     1
   23  37     1
   42  66     1
   52  64     1
   65  85     1
   66  76     1
   67  75     1
   70  93     1
   71  81     1
   80  82     1
   83  91     1
   85  88     1
   90 102     1
   92 106     1
   93 102     1
   95 106     1
   97 114     1
   98 117     1
   99 102     1
  114 127     1
  127 142     1
  130 145     1
  131 151     1
  134 138     1
  136 149     1
  137 149     1
  137 154     1
  138 149     1
  150 160     1
End
