NMec = 98324
T = 33
P = 1
Profits ignored
Solution time = 8.021e-01
Task data
   16  35     1
   18 327     1
   24  32     1
   29  49     1
   31  40     1
   39  60     1
   43  68     1
   48  61     1
   50 267     1
   71  82     1
  106 112     1
  109 278     1
  113 130     1
  114 138     1
  140 158     1
  142 154     1
  162 168     1
  166 177     1
  194 209     1
  199 204     1
  218 220     1
  225 232     1
  226 228     1
  245 251     1
  246 256     1
  246 258     1
  249 255     1
  257 266     1
  274 289     1
  276 278     1
  280 284     1
  283 297     1
  322 326     1
End
