NMec = 98324
T = 33
P = 3
Profits ignored
Solution time = 1.506e+01
Task data
    3  14     1
    4  60     1
   12  33     1
   14  29     1
   15  37     1
   16 102     1
   19  45     1
   21  38     1
   28  47     1
   32  46     1
   40  57     1
   44 105     1
   49  57     1
   55  65     1
   56  63     1
   58  84     1
   61  70     1
   61  79     1
   61  79     1
   68  72     1
   70  82     1
   72  89     1
   73  74     1
   73  84     1
   75  95     1
   78  97     1
   79  88     1
   80  85     1
   83  97     1
   85 104     1
   86 105     1
   93  98     1
   99 107     1
End
