NMec = 98324
T = 34
P = 2
Profits ignored
Solution time = 8.220e+00
Task data
    4  25     1
   11  16     1
   13  21     1
   13 143     1
   15 162     1
   18  27     1
   20  22     1
   20  39     1
   27  39     1
   29  48     1
   30  35     1
   30  50     1
   33  47     1
   34  43     1
   39 168     1
   41  48     1
   44  59     1
   45  55     1
   50  65     1
   62  73     1
   70  96     1
   73  78     1
   83  96     1
   86 105     1
  104 126     1
  107 116     1
  117 129     1
  123 133     1
  127 146     1
  132 145     1
  133 150     1
  133 150     1
  140 160     1
  151 160     1
End
