NMec = 98324
T = 34
P = 1
Profits ignored
Solution time = 6.564e-01
Task data
    3  21     1
    6 336     1
    7  18     1
   26  34     1
   28  43     1
   35  49     1
   49  74     1
   58  63     1
   67 184     1
   80 199     1
   82 106     1
   88 104     1
   89  94     1
   99 115     1
  105 111     1
  106 109     1
  125 138     1
  132 139     1
  133 151     1
  147 163     1
  152 160     1
  165 182     1
  193 214     1
  211 233     1
  223 240     1
  240 261     1
  257 273     1
  259 271     1
  261 275     1
  274 298     1
  292 297     1
  292 305     1
  304 316     1
  321 323     1
End
