NMec = 98324
T = 35
P = 2
Profits ignored
Solution time = 2.034e+01
Task data
    4  19     1
    6  10     1
    6  26     1
   12  19     1
   17  25     1
   17  26     1
   17  30     1
   19  85     1
   22  47     1
   25  35     1
   30  46     1
   31  44     1
   37  53     1
   46  65     1
   52  54     1
   84 100     1
   85  93     1
   85 101     1
   87  97     1
   89 107     1
   97 106     1
  100 109     1
  101 125     1
  109 112     1
  109 115     1
  109 131     1
  110 119     1
  113 119     1
  116 125     1
  138 149     1
  147 154     1
  147 161     1
  147 166     1
  149 157     1
  162 171     1
End
