NMec = 98324
T = 35
P = 1
Profits ignored
Solution time = 3.015e+00
Task data
    4  12     1
   29  40     1
   33  44     1
   36  50     1
   52  66     1
   71  80     1
   72 290     1
   91 106     1
   94 104     1
  111 299     1
  113 135     1
  119 128     1
  132 266     1
  136 144     1
  164 171     1
  170 173     1
  176 192     1
  177 186     1
  193 204     1
  193 205     1
  195 201     1
  199 263     1
  201 217     1
  209 225     1
  224 232     1
  232 240     1
  235 252     1
  272 281     1
  281 292     1
  288 296     1
  305 320     1
  318 327     1
  327 338     1
  329 335     1
  331 343     1
End
