NMec = 98324
T = 36
P = 1
Profits ignored
Solution time = 1.725e+00
Task data
   27  43     1
   40  55     1
   56  73     1
   77  98     1
   84 106     1
   92 105     1
   96 104     1
   96 119     1
  105 111     1
  109 117     1
  117 134     1
  120 123     1
  121 142     1
  149 156     1
  149 159     1
  154 155     1
  154 167     1
  159 160     1
  162 355     1
  181 186     1
  203 222     1
  217 236     1
  221 230     1
  236 256     1
  246 255     1
  254 263     1
  265 273     1
  271 279     1
  274 289     1
  275 281     1
  277 283     1
  278 287     1
  289 300     1
  314 325     1
  317 333     1
  340 349     1
End
