NMec = 98324
T = 36
P = 2
Profits ignored
Solution time = 1.285e+01
Task data
    2 140     1
    6  28     1
   11  72     1
   12  21     1
   20  38     1
   25  45     1
   35  58     1
   50 120     1
   52  65     1
   53  70     1
   62  68     1
   72  78     1
   73  87     1
   80  90     1
   83 104     1
   85  91     1
   86  88     1
  100 126     1
  100 171     1
  103 112     1
  104 115     1
  105 124     1
  109 173     1
  112 121     1
  112 138     1
  118 129     1
  141 161     1
  146 162     1
  149 159     1
  150 158     1
  158 168     1
  160 171     1
  160 178     1
  164 172     1
  166 176     1
  171 175     1
End
