NMec = 98324
T = 37
P = 1
Profits ignored
Solution time = 3.359e+00
Task data
    2  12     1
    2  18     1
    2 346     1
   16  21     1
   20  26     1
   34  48     1
   75  86     1
   78  93     1
   78  99     1
   82  95     1
   95 105     1
  100 118     1
  101 106     1
  103 124     1
  104 111     1
  116 133     1
  124 144     1
  140 144     1
  144 155     1
  146 163     1
  149 154     1
  161 171     1
  162 168     1
  177 182     1
  201 207     1
  222 230     1
  224 228     1
  230 256     1
  239 261     1
  241 256     1
  249 264     1
  254 262     1
  293 304     1
  298 317     1
  311 321     1
  319 327     1
  341 346     1
End
