NMec = 98324
T = 38
P = 1
Profits ignored
Solution time = 1.433e+01
Task data
    0  11     1
    8 220     1
   18 189     1
   21  28     1
   26  36     1
   32 239     1
   35  48     1
   36  53     1
   51 379     1
   56  73     1
   61  79     1
   71 164     1
   96 103     1
   96 107     1
  103 366     1
  108 114     1
  124 136     1
  128 144     1
  130 136     1
  160 168     1
  172 177     1
  193 202     1
  206 212     1
  224 232     1
  224 240     1
  241 254     1
  243 269     1
  246 253     1
  257 265     1
  260 275     1
  275 284     1
  287 288     1
  295 299     1
  325 336     1
  337 342     1
  354 366     1
  357 378     1
  360 372     1
End
