NMec = 98324
T = 39
P = 1
Profits ignored
Solution time = 5.224e+00
Task data
    0  23     1
   27  36     1
   32 127     1
   33  46     1
   59  69     1
   68  72     1
   72  73     1
  108 114     1
  115 127     1
  122 135     1
  134 149     1
  138 153     1
  140 149     1
  148 156     1
  156 163     1
  157 171     1
  157 179     1
  161 168     1
  167 193     1
  168 180     1
  195 207     1
  195 251     1
  196 211     1
  202 209     1
  205 211     1
  207 219     1
  210 220     1
  228 242     1
  240 259     1
  243 265     1
  249 259     1
  254 256     1
  256 263     1
  263 272     1
  292 315     1
  337 351     1
  342 363     1
  365 370     1
  366 370     1
End
