NMec = 98324
T = 40
P = 1
Profits ignored
Solution time = 2.674e+01
Task data
    4  14     1
   18  33     1
   34 391     1
   42  53     1
   50  62     1
   91  95     1
  104 119     1
  109 124     1
  117 133     1
  123 131     1
  125 127     1
  126 138     1
  140 148     1
  141 154     1
  144 157     1
  148 161     1
  175 195     1
  181 203     1
  198 209     1
  199 206     1
  202 226     1
  213 272     1
  238 248     1
  250 268     1
  251 261     1
  261 267     1
  272 274     1
  283 291     1
  287 301     1
  292 297     1
  295 310     1
  345 358     1
  356 358     1
  357 378     1
  363 371     1
  374 379     1
  375 392     1
  378 392     1
  385 398     1
  387 393     1
End
