NMec = 98324
T = 41
P = 1
Profits ignored
Solution time = 7.462e+00
Task data
   10  14     1
   25  35     1
   26  36     1
   34 248     1
   35 366     1
   48 405     1
   54  64     1
   56 387     1
   62 303     1
   66  69     1
   70  74     1
   72  85     1
   88 106     1
   91 102     1
  116 139     1
  128 139     1
  130 142     1
  130 286     1
  152 177     1
  159 168     1
  159 182     1
  163 170     1
  180 191     1
  180 332     1
  204 211     1
  207 225     1
  230 242     1
  241 250     1
  249 253     1
  251 262     1
  256 400     1
  263 265     1
  287 307     1
  295 309     1
  299 306     1
  336 369     1
  338 352     1
  343 363     1
  369 377     1
  371 393     1
  381 392     1
End
