NMec = 98324
T = 42
P = 1
Profits ignored
Solution time = 1.813e+01
Task data
    6  10     1
    7  21     1
    9 281     1
   14 189     1
   33  48     1
   33  49     1
   39  46     1
   44 357     1
   47  60     1
   51  67     1
   70  81     1
   71 112     1
   93 116     1
  100 107     1
  107 128     1
  108 126     1
  117 126     1
  120 128     1
  123 141     1
  148 166     1
  167 180     1
  169 194     1
  173 382     1
  180 197     1
  203 219     1
  212 221     1
  216 224     1
  237 242     1
  245 250     1
  246 253     1
  263 282     1
  270 297     1
  280 370     1
  298 305     1
  307 348     1
  328 344     1
  348 362     1
  349 353     1
  354 373     1
  361 374     1
  395 410     1
  403 417     1
End
