1 	 1 	 5.474e-05 
2 	 1 	 5.568e-05 
2 	 2 	 5.501e-05 
3 	 1 	 5.318e-05 
3 	 2 	 5.412e-05 
3 	 3 	 5.209e-05 
4 	 1 	 5.313e-05 
4 	 2 	 4.961e-05 
4 	 3 	 5.095e-05 
4 	 4 	 3.880e-05 
5 	 1 	 3.815e-05 
5 	 2 	 1.835e-05 
5 	 3 	 3.884e-05 
5 	 4 	 3.375e-05 
5 	 5 	 2.235e-05 
6 	 1 	 2.693e-05 
6 	 2 	 2.696e-05 
6 	 3 	 2.388e-05 
6 	 4 	 2.326e-05 
6 	 5 	 2.409e-05 
6 	 6 	 3.841e-05 
7 	 1 	 3.976e-05 
7 	 2 	 3.346e-05 
7 	 3 	 3.092e-05 
7 	 4 	 3.226e-05 
7 	 5 	 2.922e-05 
7 	 6 	 2.975e-05 
7 	 7 	 2.974e-05 
8 	 1 	 4.111e-05 
8 	 2 	 4.425e-05 
8 	 3 	 4.260e-05 
8 	 4 	 4.613e-05 
8 	 5 	 4.488e-05 
8 	 6 	 4.601e-05 
8 	 7 	 4.491e-05 
8 	 8 	 5.290e-05 
9 	 1 	 6.231e-05 
9 	 2 	 6.264e-05 
9 	 3 	 7.094e-05 
9 	 4 	 7.775e-05 
9 	 5 	 7.763e-05 
9 	 6 	 8.238e-05 
9 	 7 	 8.145e-05 
9 	 8 	 8.684e-05 
10 	 1 	 1.013e-04 
10 	 2 	 1.117e-04 
10 	 3 	 1.247e-04 
10 	 4 	 1.339e-04 
10 	 5 	 1.504e-04 
10 	 6 	 1.551e-04 
10 	 7 	 1.648e-04 
10 	 8 	 1.684e-04 
11 	 1 	 1.937e-04 
11 	 2 	 2.570e-04 
11 	 3 	 2.331e-04 
11 	 4 	 2.790e-04 
11 	 5 	 2.804e-04 
11 	 6 	 3.157e-04 
11 	 7 	 3.046e-04 
11 	 8 	 3.150e-04 
12 	 1 	 3.593e-04 
12 	 2 	 3.930e-04 
12 	 3 	 4.986e-04 
12 	 4 	 4.989e-04 
12 	 5 	 5.887e-04 
12 	 6 	 6.265e-04 
12 	 7 	 6.188e-04 
12 	 8 	 6.388e-04 
13 	 1 	 7.465e-04 
13 	 2 	 8.535e-04 
13 	 3 	 8.769e-04 
13 	 4 	 1.018e-03 
13 	 5 	 1.074e-03 
13 	 6 	 1.182e-03 
13 	 7 	 1.366e-03 
13 	 8 	 1.337e-03 
14 	 1 	 1.522e-03 
14 	 2 	 1.631e-03 
14 	 3 	 2.001e-03 
14 	 4 	 1.863e-03 
14 	 5 	 2.085e-03 
14 	 6 	 2.525e-03 
14 	 7 	 2.511e-03 
14 	 8 	 2.634e-03 
15 	 1 	 2.886e-03 
15 	 2 	 3.173e-03 
15 	 3 	 3.580e-03 
15 	 4 	 4.065e-03 
15 	 5 	 4.438e-03 
15 	 6 	 4.473e-03 
15 	 7 	 5.127e-03 
15 	 8 	 5.250e-03 
16 	 1 	 6.020e-03 
16 	 2 	 6.598e-03 
16 	 3 	 7.190e-03 
16 	 4 	 8.075e-03 
16 	 5 	 8.913e-03 
16 	 6 	 9.721e-03 
16 	 7 	 9.635e-03 
16 	 8 	 1.092e-02 
17 	 1 	 1.190e-02 
17 	 2 	 1.297e-02 
17 	 3 	 1.373e-02 
17 	 4 	 1.747e-02 
17 	 5 	 1.833e-02 
17 	 6 	 1.806e-02 
17 	 7 	 1.993e-02 
17 	 8 	 2.218e-02 
18 	 1 	 2.349e-02 
18 	 2 	 2.669e-02 
18 	 3 	 2.878e-02 
18 	 4 	 3.500e-02 
18 	 5 	 3.770e-02 
18 	 6 	 3.517e-02 
18 	 7 	 4.011e-02 
18 	 8 	 4.284e-02 
19 	 1 	 4.850e-02 
19 	 2 	 5.332e-02 
19 	 3 	 6.461e-02 
19 	 4 	 6.695e-02 
19 	 5 	 7.198e-02 
19 	 6 	 7.565e-02 
19 	 7 	 8.067e-02 
19 	 8 	 8.721e-02 
20 	 1 	 9.972e-02 
20 	 2 	 1.100e-01 
20 	 3 	 1.194e-01 
20 	 4 	 1.350e-01 
20 	 4 	 1.269e-01 
20 	 5 	 1.433e-01 
20 	 6 	 1.507e-01 
20 	 7 	 1.635e-01 
20 	 8 	 1.711e-01 
21 	 1 	 2.025e-01 
21 	 2 	 2.231e-01 
21 	 3 	 2.405e-01 
21 	 4 	 2.756e-01 
21 	 5 	 2.824e-01 
21 	 6 	 3.146e-01 
21 	 7 	 3.172e-01 
21 	 8 	 3.743e-01 
22 	 1 	 4.067e-01 
22 	 2 	 4.732e-01 
22 	 3 	 5.052e-01 
22 	 4 	 5.549e-01 
22 	 5 	 6.051e-01 
22 	 6 	 6.164e-01 
22 	 7 	 6.447e-01 
22 	 8 	 7.421e-01 
23 	 1 	 8.372e-01 
23 	 2 	 9.583e-01 
23 	 3 	 1.039e+00 
23 	 4 	 1.111e+00 
23 	 5 	 1.226e+00 
23 	 6 	 1.356e+00 
23 	 7 	 1.266e+00 
23 	 8 	 1.385e+00 
24 	 1 	 1.702e+00 
24 	 2 	 1.826e+00 
24 	 3 	 1.398e+00 
24 	 4 	 1.490e+00 
24 	 5 	 1.563e+00 
24 	 6 	 1.633e+00 
24 	 7 	 1.831e+00 
24 	 8 	 1.856e+00 
25 	 1 	 2.317e+00 
25 	 2 	 2.579e+00 
25 	 3 	 2.944e+00 
25 	 4 	 3.249e+00 
25 	 5 	 3.545e+00 
25 	 6 	 3.678e+00 
25 	 7 	 3.714e+00 
25 	 8 	 3.818e+00 
26 	 1 	 4.762e+00 
26 	 2 	 5.355e+00 
26 	 3 	 5.788e+00 
26 	 4 	 6.130e+00 
26 	 5 	 6.517e+00 
26 	 6 	 6.632e+00 
26 	 7 	 7.071e+00 
26 	 8 	 7.423e+00 
27 	 1 	 9.386e+00 
27 	 2 	 1.048e+01 
27 	 3 	 1.152e+01 
27 	 4 	 1.234e+01 
27 	 5 	 1.331e+01 
27 	 6 	 1.393e+01 
27 	 7 	 1.411e+01 
27 	 8 	 1.469e+01 
28 	 1 	 1.954e+01 
28 	 2 	 2.227e+01 
28 	 3 	 2.384e+01 
28 	 4 	 2.606e+01 
28 	 5 	 2.622e+01 
28 	 6 	 2.753e+01 
28 	 7 	 2.740e+01 
28 	 8 	 3.027e+01 
29 	 1 	 4.155e+01 
29 	 2 	 4.712e+01 
29 	 3 	 5.112e+01 
29 	 4 	 5.626e+01 
29 	 5 	 5.861e+01 
29 	 6 	 6.286e+01 
29 	 7 	 6.597e+01 
29 	 8 	 6.766e+01 
30 	 1 	 8.923e+01 
30 	 2 	 9.899e+01 
30 	 3 	 1.096e+02 
30 	 4 	 1.197e+02 
30 	 5 	 1.190e+02 
30 	 6 	 1.312e+02 
30 	 7 	 1.388e+02 
30 	 8 	 1.354e+02 
31 	 1 	 1.912e+02 
31 	 2 	 2.145e+02 
31 	 3 	 2.296e+02 
31 	 4 	 4.533e+02 
31 	 5 	 4.893e+02 
31 	 6 	 5.264e+02 
31 	 7 	 5.389e+02 
31 	 8 	 5.863e+02 
32 	 1 	 7.404e+02 
32 	 2 	 7.571e+02 
32 	 3 	 8.365e+02 
32 	 4 	 9.312e+02 
32 	 5 	 1.044e+03 
32 	 6 	 1.061e+03 
32 	 7 	 1.164e+03 
32 	 8 	 1.314e+03 
