1 	 1 	 9.040e-07 
2 	 1 	 1.013e-06 
2 	 2 	 9.760e-07 
3 	 1 	 1.154e-06 
3 	 2 	 1.278e-06 
3 	 3 	 1.343e-06 
4 	 1 	 1.655e-06 
4 	 2 	 2.031e-06 
4 	 3 	 1.943e-06 
4 	 4 	 1.945e-06 
5 	 1 	 2.432e-06 
5 	 2 	 2.731e-06 
5 	 3 	 3.106e-06 
5 	 4 	 3.216e-06 
5 	 5 	 2.984e-06 
6 	 1 	 4.004e-06 
6 	 2 	 4.753e-06 
6 	 3 	 5.305e-06 
6 	 4 	 5.388e-06 
6 	 5 	 5.177e-06 
6 	 6 	 5.264e-06 
7 	 1 	 7.258e-06 
7 	 2 	 8.692e-06 
7 	 3 	 8.702e-06 
7 	 4 	 9.825e-06 
7 	 5 	 9.608e-06 
7 	 6 	 1.046e-05 
7 	 7 	 1.042e-05 
8 	 1 	 1.374e-05 
8 	 2 	 1.558e-05 
8 	 3 	 1.565e-05 
8 	 4 	 1.892e-05 
8 	 5 	 1.954e-05 
8 	 6 	 2.020e-05 
8 	 7 	 1.924e-05 
8 	 8 	 2.052e-05 
9 	 1 	 2.624e-05 
9 	 2 	 3.303e-05 
9 	 3 	 3.124e-05 
9 	 4 	 3.778e-05 
9 	 5 	 5.882e-05 
9 	 6 	 4.168e-05 
9 	 7 	 3.950e-05 
9 	 8 	 8.264e-05 
10 	 1 	 5.063e-05 
10 	 2 	 5.979e-05 
10 	 3 	 6.613e-05 
10 	 4 	 7.194e-05 
10 	 5 	 8.104e-05 
10 	 6 	 8.116e-05 
10 	 7 	 8.386e-05 
10 	 8 	 8.365e-05 
11 	 1 	 1.605e-04 
11 	 2 	 1.264e-04 
11 	 3 	 1.388e-04 
11 	 4 	 1.363e-04 
11 	 5 	 1.692e-04 
11 	 6 	 1.684e-04 
11 	 7 	 1.697e-04 
11 	 8 	 1.786e-04 
12 	 1 	 2.929e-04 
12 	 2 	 2.344e-04 
12 	 3 	 2.754e-04 
12 	 4 	 3.106e-04 
12 	 5 	 3.151e-04 
12 	 6 	 4.120e-04 
12 	 7 	 3.542e-04 
12 	 8 	 4.006e-04 
13 	 1 	 4.474e-04 
13 	 2 	 4.897e-04 
13 	 3 	 5.297e-04 
13 	 4 	 5.896e-04 
13 	 5 	 7.166e-04 
13 	 6 	 7.561e-04 
13 	 7 	 7.358e-04 
13 	 8 	 8.241e-04 
14 	 1 	 8.779e-04 
14 	 2 	 1.013e-03 
14 	 3 	 1.078e-03 
14 	 4 	 1.055e-03 
14 	 5 	 1.243e-03 
14 	 6 	 1.423e-03 
14 	 7 	 1.524e-03 
14 	 8 	 1.702e-03 
15 	 1 	 1.992e-03 
15 	 2 	 2.124e-03 
15 	 3 	 2.143e-03 
15 	 4 	 2.705e-03 
15 	 5 	 2.626e-03 
15 	 6 	 2.974e-03 
15 	 7 	 3.068e-03 
15 	 8 	 3.367e-03 
16 	 1 	 3.799e-03 
16 	 2 	 4.332e-03 
16 	 3 	 4.565e-03 
16 	 4 	 5.136e-03 
16 	 5 	 5.134e-03 
16 	 6 	 6.316e-03 
16 	 7 	 6.176e-03 
16 	 8 	 6.640e-03 
17 	 1 	 7.530e-03 
17 	 2 	 8.566e-03 
17 	 3 	 8.967e-03 
17 	 4 	 9.728e-03 
17 	 5 	 1.098e-02 
17 	 6 	 1.164e-02 
17 	 7 	 1.298e-02 
17 	 8 	 1.349e-02 
18 	 1 	 1.497e-02 
18 	 2 	 1.669e-02 
18 	 3 	 1.892e-02 
18 	 4 	 1.977e-02 
18 	 5 	 2.155e-02 
18 	 6 	 2.334e-02 
18 	 7 	 2.613e-02 
18 	 8 	 2.761e-02 
19 	 1 	 3.031e-02 
19 	 2 	 3.416e-02 
19 	 3 	 3.817e-02 
19 	 4 	 3.753e-02 
19 	 5 	 4.269e-02 
19 	 6 	 4.541e-02 
19 	 7 	 5.150e-02 
19 	 8 	 5.352e-02 
20 	 1 	 6.162e-02 
20 	 2 	 6.843e-02 
20 	 3 	 7.320e-02 
20 	 4 	 8.303e-02 
20 	 5 	 8.462e-02 
20 	 6 	 9.313e-02 
20 	 7 	 1.019e-01 
20 	 8 	 1.123e-01 
21 	 1 	 1.200e-01 
21 	 2 	 1.363e-01 
21 	 3 	 1.465e-01 
21 	 4 	 1.607e-01 
21 	 5 	 1.715e-01 
21 	 6 	 1.798e-01 
21 	 7 	 1.936e-01 
21 	 8 	 2.229e-01 
22 	 1 	 2.507e-01 
22 	 2 	 2.822e-01 
22 	 3 	 2.966e-01 
22 	 4 	 3.534e-01 
22 	 5 	 3.931e-01 
22 	 6 	 4.094e-01 
22 	 7 	 3.964e-01 
22 	 8 	 4.270e-01 
23 	 1 	 5.066e-01 
23 	 2 	 5.617e-01 
23 	 3 	 6.419e-01 
23 	 4 	 7.126e-01 
23 	 5 	 7.263e-01 
23 	 6 	 7.583e-01 
23 	 7 	 8.904e-01 
23 	 8 	 1.060e+00 
24 	 1 	 1.096e+00 
24 	 2 	 1.195e+00 
24 	 3 	 1.316e+00 
24 	 4 	 1.461e+00 
24 	 5 	 1.564e+00 
24 	 6 	 1.624e+00 
24 	 7 	 1.736e+00 
24 	 8 	 1.917e+00 
25 	 1 	 2.230e+00 
25 	 2 	 2.400e+00 
25 	 3 	 2.640e+00 
25 	 4 	 2.887e+00 
25 	 5 	 3.037e+00 
25 	 6 	 3.323e+00 
25 	 7 	 3.364e+00 
25 	 8 	 3.553e+00 
26 	 1 	 4.488e+00 
26 	 2 	 5.118e+00 
26 	 3 	 5.240e+00 
26 	 4 	 5.884e+00 
26 	 5 	 6.340e+00 
26 	 6 	 6.661e+00 
26 	 7 	 6.900e+00 
26 	 8 	 7.272e+00 
27 	 1 	 9.343e+00 
27 	 2 	 1.021e+01 
27 	 3 	 1.118e+01 
27 	 4 	 1.191e+01 
27 	 5 	 1.278e+01 
27 	 6 	 1.312e+01 
27 	 7 	 1.445e+01 
27 	 8 	 1.582e+01 
28 	 1 	 1.950e+01 
28 	 2 	 2.106e+01 
28 	 3 	 2.316e+01 
28 	 4 	 2.560e+01 
28 	 5 	 2.544e+01 
28 	 6 	 2.700e+01 
28 	 7 	 2.832e+01 
28 	 8 	 2.951e+01 
29 	 1 	 4.025e+01 
29 	 2 	 4.359e+01 
29 	 3 	 4.779e+01 
29 	 4 	 5.050e+01 
29 	 5 	 5.410e+01 
29 	 6 	 5.704e+01 
29 	 7 	 5.986e+01 
29 	 8 	 6.087e+01 
30 	 1 	 8.130e+01 
30 	 2 	 8.895e+01 
30 	 3 	 9.450e+01 
30 	 4 	 1.012e+02 
30 	 5 	 1.107e+02 
30 	 6 	 1.153e+02 
30 	 7 	 1.261e+02 
30 	 8 	 1.246e+02 
31 	 1 	 1.740e+02 
31 	 2 	 1.903e+02 
31 	 3 	 2.015e+02 
31 	 4 	 2.168e+02 
31 	 5 	 2.354e+02 
31 	 6 	 2.410e+02 
31 	 7 	 2.476e+02 
31 	 8 	 2.687e+02 
32 	 1 	 3.514e+02 
32 	 2 	 3.837e+02 
32 	 3 	 4.094e+02 
32 	 4 	 4.430e+02 
32 	 5 	 4.637e+02 
32 	 6 	 4.817e+02 
32 	 7 	 5.223e+02 
32 	 8 	 5.414e+02 
