NMec = 98324
T = 26
P = 1
Profits not ignored
Solution time = 2.814e+01
Task data
    4  18  3050
   10  19  1339
   13  16   679
   23  36  2006
   38 198 21133
   50  63  3553
   62  63   390
   75  80   651
   80 103  3209
   93  96   685
   93 105  1069
   98 109  2307
  105 115   995
  106 115  1710
  111 126  3044
  121 135  1452
  128 138  1367
  139 149  1647
  150 163  2614
  176 187  2324
  178 192  1395
  185 193  1536
  217 227   769
  222 231  2282
  227 245  2521
  241 251  2271
End
