NMec = 98324
T = 26
P = 7
Profits not ignored
Solution time = 2.822e+01
Task data
    0   7  1122
    1  21  3466
    2   5   630
    2  18  1480
    2  20  3484
    3  16  1096
    4  19  2197
    5  21  3378
    5  22  1330
    7  26  4398
   11  20  1657
   11  23  3714
   11  30  4087
   12  20  1002
   12  33  3202
   15  34  2035
   17  23   714
   17  29  2067
   18  24   724
   19  28   782
   22  30  2158
   24  29   619
   25  35  1489
   27  33   954
   29  35  1654
   32  37   589
End
