NMec = 98324
T = 26
P = 9
Profits not ignored
Solution time = 2.822e+01
Task data
    0  15  1188
    0  16  1966
    0  22  4000
    2   8  1626
    2  25  5823
    3  15  2450
    3  20  2075
    4  10  1526
    4  22  3622
    4  29  6366
    5  24  2033
    6  16   688
    6  19  2148
    6  25  1359
    6  29  1572
    8  12  1101
    8  18  1405
   11  18   562
   11  22  1428
   12  17  1277
   13  18   579
   14  21  1612
   16  20   848
   17  28  1679
   20  27   847
   21  29  1747
End
