NMec = 98324
T = 26
P = 2
Profits not ignored
Solution time = 2.818e+01
Task data
    3 127 21485
    5  93 18954
    9  32  3333
   11  21  1242
   21  43  2186
   31  42  2241
   31  44  2208
   31 110  9503
   32  52  5040
   36  57  3199
   42  55  1549
   47  57  1072
   47  63  1503
   49  62  1998
   59  66  1459
   59  82  2760
   60  76  1626
   61  76  2287
   67  99  5490
   87 101  1619
   91 116  2695
   93 108  2061
   96 111  3325
  102 107  1549
  105 117  1796
  105 118  1892
End
