NMec = 98324
T = 26
P = 3
Profits not ignored
Solution time = 2.820e+01
Task data
    1  10   805
    2  14  3209
    3  10   716
    4  86 18872
    6  17  1435
    8  38  3197
   10  32  3327
   13  27  3808
   16  36  5381
   17  41  1871
   20  23   677
   20  33  1818
   20  48  5401
   22  39  3599
   29  38   913
   29  49  1829
   32  52  1539
   33  38   875
   42  48  1119
   46  51  1014
   47  61  2155
   48  62  2168
   67  75  1788
   71  77   983
   71  84  1807
   73  83  1459
End
