NMec = 98324
T = 26
P = 8
Profits not ignored
Solution time = 2.817e+01
Task data
    0  14  1809
    0  18  2126
    0  23  2716
    1  11  1979
    2  26  6396
    2  27  2157
    3  14  1243
    4  28  2295
    4  30  3636
    5  25  2357
    5  29  3486
    6  23  4600
    6  27  4785
    7  18  1860
    7  18   885
    8  17   890
    9  12   291
   10  13   962
   10  16   906
   12  24  1160
   12  31  2057
   13  21  1481
   15  26  2395
   20  28  2315
   24  31  2333
   27  32  1443
End
