NMec = 98324
T = 26
P = 4
Profits not ignored
Solution time = 2.823e+01
Task data
    0  21  3395
    0  21  4245
    2  41  7154
    3  21  1287
    3  51 11437
    6  19  2976
   10  15  1204
   13  26  1130
   13  63 12174
   14  45  3125
   17  20   536
   17  48  4228
   19  31  1981
   20  36  1146
   24  31   759
   24  36  1594
   24  55  5042
   25  29   705
   26  31   769
   28  36  2032
   30  60  4358
   33  41   800
   33  52  3875
   34  56  4194
   44  59  1355
   53  56   576
End
