NMec = 98324
T = 26
P = 5
Profits not ignored
Solution time = 2.832e+01
Task data
    0  10  2179
    0  22  4766
    1   9  1861
    2  23  2802
    3  37  4358
    3  41  8363
    4  14  1318
    6  18  1803
    7  14  1522
    8  18  1276
   10  22  2701
   14  22  1082
   15  26  1787
   18  29  2182
   24  39  2362
   24  42  2866
   26  42  3578
   26  42  1866
   28  30   272
   28  40  1958
   28  41  1350
   28  49  4436
   29  51  2490
   30  45  1793
   38  45   520
   43  51  1678
End
