NMec = 98324
T = 26
P = 6
Profits not ignored
Solution time = 2.822e+01
Task data
    0   7  1036
    0  42 10568
    1  16  2876
    3  22  3311
    5   9   468
    5  25  4000
    5  27  3938
    6  17  1866
    7  12  1176
    7  23  2770
   14  27  1303
   17  29  1731
   19  24   606
   19  25   783
   19  30  1345
   20  36  2256
   20  38  1694
   21  33   951
   21  43  4165
   23  26   271
   23  36  1666
   25  29   773
   25  37  1909
   27  43  2545
   28  40  1569
   32  38   673
End
