NMec = 98324
T = 26
P = 10
Profits not ignored
Solution time = 2.835e+01
Task data
    0  13  1008
    2  15  2339
    2  22  3937
    3   6   325
    3   9   834
    3  12  1294
    3  13  1619
    4  24  2175
    6  19  1996
    6  27  5532
    7  13   899
    7  15  1050
    7  17  1171
    8  25  1440
    8  27  3097
   10  11   298
   11  23  2351
   11  29  2141
   12  26  3209
   12  29  2907
   13  29  1787
   15  22   495
   18  29  3075
   19  24   817
   21  28   676
   24  29   764
End
