NMec = 98324
T = 27
P = 2
Profits not ignored
Solution time = 2.954e+01
Task data
    1  11  1413
    5  16  1381
   15  34  1689
   19  28   866
   29  42  1851
   36  44   607
   40  54  3277
   51  67  1696
   56  69  2798
   58  75  5329
   63  68  1275
   65  87  1981
   66  89  4232
   67  80  1272
   82  94  1548
   86  92  1336
   87  93   792
   89 101  1663
   90  97  1405
  101 116  1370
  102 110  1618
  102 120  2587
  103 123  4945
  106 126  2222
  109 118  1080
  110 119  2402
  129 134   578
End
