NMec = 98324
T = 27
P = 1
Profits not ignored
Solution time = 2.965e+01
Task data
    6 176 20145
   12  95  9280
   15  37  2919
   18  24   657
   26  41  2015
   33  46  3874
   58  67  1567
   60  86  3289
   65  76  1782
   86  96   899
   91 109  3219
   98  99   254
   98 116  2458
  122 130  1750
  125 140  1970
  137 197  3432
  146 261 24049
  150 162  1327
  177 202  5088
  180 200  3131
  185 188   492
  192 208  1415
  211 226  2112
  211 227  3154
  243 254   732
  245 262  2165
  249 256  1875
End
