NMec = 98324
T = 27
P = 8
Profits not ignored
Solution time = 2.949e+01
Task data
    0  15  1906
    0  26  5191
    1  18  4704
    1  23  2715
    4  11   987
    4  16  1136
    4  16  1419
    4  24  4627
    6  13  1183
    6  14  1078
    6  23  3048
   10  14   764
   10  16  1204
   10  22  2122
   11  28  2067
   12  30  4499
   14  24  2458
   15  31  2962
   18  31  2369
   19  29   836
   21  25   811
   21  27   823
   21  33  1245
   23  29   599
   24  30  1532
   25  28   705
   31  33   240
End
