NMec = 98324
T = 27
P = 9
Profits not ignored
Solution time = 2.978e+01
Task data
    0  15  1881
    0  16  3730
    0  19  3350
    0  20  1982
    1  13  1643
    2  14  2765
    2  22  2808
    4  18  2080
    6  21  2539
    6  29  4858
    7  17  1866
    7  29  4018
    8  12   906
    8  25  3673
    9  16  1060
    9  27  2409
   10  21  1703
   10  23  3038
   10  25  4501
   13  29  2334
   14  23  2240
   14  28  1668
   14  29  1875
   15  27  1622
   16  21   979
   16  23  1127
   17  23   939
End
