NMec = 98324
T = 27
P = 6
Profits not ignored
Solution time = 2.979e+01
Task data
    0  21  1326
    2  28  7249
    3  39  9832
    4  18  2031
    4  21  1226
    7  24  3032
    7  28  1821
    9  30  2469
   11  17  1355
   14  30  1470
   14  37  1938
   15  25  1926
   15  41  3994
   16  39  4753
   17  38  3695
   18  24  1113
   18  27  1431
   18  33  1479
   18  35  1942
   21  41  2919
   21  43  3087
   23  26   996
   27  28   502
   28  41  1582
   32  38  1059
   32  44  1720
   35  38   262
End
