NMec = 98324
T = 27
P = 7
Profits not ignored
Solution time = 2.982e+01
Task data
    1  28  3380
    2   5   397
    2  13  1276
    2  24  1958
    4  15  1924
    5  20  2161
    5  26  1306
    5  30  5220
    7  19   950
    8  18  2521
    8  26  3170
   10  29  4877
   11  28  3793
   12  32  1994
   13  18   490
   13  25  1156
   14  22  2040
   15  37  2463
   17  34  1678
   17  35  1725
   18  34  2518
   19  33  1395
   21  23   397
   22  24   399
   22  30  1672
   22  33  1280
   26  32   493
End
