NMec = 98324
T = 27
P = 5
Profits not ignored
Solution time = 2.972e+01
Task data
    0   8  1182
    0  30  3906
    0  34  5685
    2  17  3137
    2  18  1744
    6  14  1859
    6  18  2919
    8  17  2828
    8  22  2502
   10  16   631
   10  20  2823
   10  46  3614
   11  28  1439
   12  25  1876
   12  41  2625
   13  35  2417
   13  49  4477
   20  42  2393
   20  51  7571
   22  39  2191
   24  25   205
   28  47  4304
   30  43  2718
   31  36  1029
   31  38  1061
   32  42   824
   39  46  1422
End
