NMec = 98324
T = 27
P = 3
Profits not ignored
Solution time = 2.958e+01
Task data
    0   7  1163
    0  12  1285
    2  14  1406
    7  15   891
    8  11   450
   12  28  2625
   14  51  8553
   16  23  1283
   16  37  4473
   18  51  7878
   19  30  1944
   22  27   823
   22  41  2555
   35  44  1409
   36  55  1708
   38  78  7109
   42  48   833
   51  58  1234
   51  60  1104
   55  63   475
   60  70  2504
   62  71  2675
   62  73  1738
   67  74   986
   68  77  1848
   75  84   947
   82  85   367
End
