NMec = 98324
T = 27
P = 4
Profits not ignored
Solution time = 2.956e+01
Task data
    1  12  1630
    3  22  3402
    7  27  3824
   11  14   932
   11  26  1769
   15  19  1114
   16  40  2749
   18  63  8590
   19  28  1760
   19  36  4536
   22  30  2032
   22  40  3896
   22  46  4935
   22  47  3726
   24  30  1839
   28  35  1493
   34  51  1077
   36  53  3332
   39  51  1169
   39  54  2626
   43  56  4028
   47  60  1402
   49  52   462
   51  64  3098
   52  66  1743
   55  63  1277
   59  67  1096
End
