NMec = 98324
T = 27
P = 10
Profits not ignored
Solution time = 2.967e+01
Task data
    0  14  2623
    0  29  5031
    1  12  1268
    2  13  2382
    5   9   478
    5  18  1818
    6  19  2311
    6  21  3265
    6  27  2795
    7  17   867
    7  20  2213
    9  20  1620
    9  26  2332
   11  22  2315
   12  20  2683
   12  21  1646
   13  28  3407
   14  23  1780
   15  24  1617
   16  21  1214
   17  25  2306
   18  20   596
   18  23  1192
   21  26  1117
   22  28   798
   22  28  1860
   24  27   415
End
