NMec = 98324
T = 28
P = 2
Profits not ignored
Solution time = 3.083e+01
Task data
    3  15  2290
    4  24  2896
   11  23  1463
   18  30  2027
   23  28  1342
   31  40  2499
   36  44  1704
   39  47   749
   42  63  3450
   45  72  4413
   45 106 10149
   51  60  1504
   62  84  4366
   70  86  1415
   70  86  2321
   81  92  2898
   82  93  1449
   83  86   633
   83 104  2034
   90 100  1308
   93 111  3447
   99 121  3798
  102 112  1032
  105 116   984
  106 113   465
  117 121   700
  122 131  1421
  129 139  1477
End
