NMec = 98324
T = 28
P = 6
Profits not ignored
Solution time = 3.088e+01
Task data
    4  12   889
    5  35  7368
    6  15   861
    6  21  4004
    7  25  1736
    8  20  1770
    8  26  2712
    8  26  2081
    8  27  4946
   10  22  2870
   12  31  3939
   14  46  4979
   15  21  1664
   16  23   809
   17  26  1416
   20  46  6241
   22  26   886
   22  30  1399
   22  34  1080
   22  35  2297
   23  28  1009
   25  35  1792
   25  41  2096
   26  28   182
   26  35  1298
   26  35  1081
   33  40  2214
   41  46   653
End
