NMec = 98324
T = 28
P = 7
Profits not ignored
Solution time = 3.093e+01
Task data
    1   6  1574
    1  19  2869
    1  26  3509
    2  18  2807
    2  29  5642
    5  17  2426
    6  13  1781
    6  17  1113
    7  24  2850
    8  19  2770
    8  25  3538
    8  27  3513
    8  35  2091
   11  26  2540
   13  30  2738
   14  34  3183
   16  23  1078
   17  21   418
   17  27   930
   18  20   381
   19  36  4189
   20  31  1388
   21  27   562
   23  29   761
   24  31   804
   24  36  1614
   27  36  1470
   31  35   534
End
