NMec = 98324
T = 28
P = 8
Profits not ignored
Solution time = 3.094e+01
Task data
    1  14  3301
    1  33  4903
    2   8   712
    3  15  1901
    3  32  4361
    4  20  3403
    6  22  1372
    6  33  2844
    8  12  1087
    9  22  1893
   10  22  1794
   11  28  2439
   11  29  1756
   12  21  1249
   12  27  2246
   14  24  2039
   14  25   763
   14  26  2527
   14  31  1707
   14  32  2583
   15  28  2209
   16  27  1356
   17  32  1942
   17  34  2054
   19  26   581
   20  29  2196
   20  31  1884
   31  33   505
End
