NMec = 98324
T = 28
P = 9
Profits not ignored
Solution time = 3.095e+01
Task data
    0   8  1875
    1  11   912
    1  15  3340
    2  27  5406
    3   4   329
    3  20  2990
    4  23  2641
    5  10   710
    5  17  2839
    6  21  2397
    6  21  2888
    6  28  4131
    7  11   559
    7  24  1040
    8  12   574
    8  18  2554
    8  29  2798
    9  18  1490
    9  25  4037
   11  24  1943
   12  23   924
   14  27  1249
   14  31  3673
   15  30  2053
   18  28  2265
   19  27  1787
   21  29   842
   21  30  1819
End
