NMec = 98324
T = 28
P = 1
Profits not ignored
Solution time = 3.080e+01
Task data
    5  21  2271
   28  49  2985
   32  48  3252
   35  45  2155
   94 115  3008
  116 131  3250
  116 134  2783
  131 142  1784
  133 141   514
  139 144  1010
  139 149  3087
  151 170  3950
  155 180  2680
  163 172  1393
  173 261  8897
  187 190   819
  193 215  3799
  200 210  2371
  201 275 12800
  206 215  1120
  214 225  1278
  220 224  1150
  226 240  1337
  227 248  3176
  243 252  1348
  252 266  3950
  252 269  1980
  260 268  1143
End
