NMec = 98324
T = 28
P = 4
Profits not ignored
Solution time = 3.092e+01
Task data
    0  13  3322
    0  59  7793
    1  12  1016
    1  18  2148
    1  68  8074
    5  12  1253
    6  26  4945
   12  20   527
   15  22  1073
   18  30  2114
   19  40  2371
   19  41  2106
   23  49  6444
   24  41  2775
   25  31  1171
   29  50  1808
   33  42   615
   41  45   912
   42  56  2862
   43  63  3960
   44  52  1033
   44  67  2895
   45  51   507
   46  59  2069
   49  59  1396
   54  56   292
   55  62  1210
   56  57   263
End
