NMec = 98324
T = 28
P = 3
Profits not ignored
Solution time = 3.089e+01
Task data
    0  10   648
    1  22  1868
    4  18  3023
    5  13  1461
    6  93 12477
    9  82 19168
   10  20  1171
   12  19  1044
   12  27  1168
   16  84  9563
   18  35  4937
   24  35  1413
   29  42  1755
   41  48  1168
   41  49  1058
   41  60  3057
   45  53   718
   46  65  3324
   57  70  2779
   58  67  2657
   59  78  2513
   64  85  3902
   66  80  1689
   69  77  1277
   73  81  1117
   73  82   948
   73  89  2940
   80  88  1732
End
