NMec = 98324
T = 28
P = 5
Profits not ignored
Solution time = 3.084e+01
Task data
    1  10  1662
    1  24  4496
    2  21  2252
    3  37  4567
    4  26  2627
    5  18  2369
    5  18  1502
    5  22  4697
    6  32  4179
    6  45  4066
    8  23  3341
    9  12   441
   11  27  1786
   11  30  1685
   11  51  4065
   11  53  4961
   12  30  2661
   15  27  1490
   17  49  2698
   20  33  1352
   24  41  3268
   25  36  2358
   26  28   500
   26  30   830
   32  52  5187
   34  44   986
   46  55  2223
   49  55   503
End
