NMec = 98324
T = 28
P = 10
Profits not ignored
Solution time = 3.089e+01
Task data
    0   5  1083
    0  13  1971
    0  14  3121
    1  10  1724
    2  12  1132
    3  18  1529
    3  20  4405
    3  23  1322
    3  26  2710
    3  26  3582
    4  12  2452
    5  14   871
    6  17  2361
    6  21  2490
    7  16  2575
    8  17  2016
    8  18  1221
    8  23  2393
    9  19  1258
    9  23  3557
   10  22  2670
   12  23  2159
   12  26  1738
   13  19  1050
   15  27  3301
   17  29  1667
   22  28  1591
   22  28  1339
End
