NMec = 98324
T = 29
P = 9
Profits not ignored
Solution time = 3.173e+01
Task data
    0   6   709
    0  10  2171
    0  12  1652
    1  12  1146
    2  17  2360
    2  23  2682
    2  23  4025
    4  11   680
    4  16  2394
    4  22  4060
    4  25  3860
    5  10  1455
    5  21  1218
    6  13  1438
    6  27  4893
    6  28  2563
    7  17   842
    7  32  2072
    8  22  1753
    9  26  2426
   11  20   771
   11  21  1255
   12  24  1349
   12  28  3660
   13  27  2745
   16  30  2493
   19  28   823
   20  23   547
   20  27  1341
End
