NMec = 98324
T = 29
P = 1
Profits not ignored
Solution time = 3.198e+01
Task data
    5  28  2910
   22  33  2044
   25  34   933
   26 233 20352
   50  70  3697
   52 278 43367
   55 216 18929
   57  83  3029
   75  99  1568
   97 122  4193
  102 123  4268
  118 154  3464
  122 141  2333
  142 160  2423
  145 162  2170
  160 181  5643
  167 175  1677
  201 206   655
  211 228  3700
  216 222   615
  228 235  1319
  235 241  1073
  250 274  3242
  251 260  1402
  251 270  1790
  261 277  1334
  274 288  2436
  282 285   286
  282 287   968
End
