NMec = 98324
T = 29
P = 4
Profits not ignored
Solution time = 3.194e+01
Task data
    1  17  1711
    2   6   387
    3  50  6107
    3  72  7861
    4  10   874
   10  19  1484
   13  26  2086
   13  30  3015
   14  33  2736
   15  28  1827
   16  30  1105
   16  33  1676
   17  32  1823
   18  40  3078
   22  32  2833
   24  43  4307
   25  38  2116
   26  27   314
   27  36  1353
   28  29   313
   30  41  2320
   31  41  2504
   33  44  2378
   35  43  1653
   37  42   730
   37  47  1918
   41  71  5597
   48  59  1121
   56  71  1770
End
