NMec = 98324
T = 29
P = 5
Profits not ignored
Solution time = 3.186e+01
Task data
    1  45  8606
    3   8   868
    3  28  4833
    3  55 15427
    5  20  3891
    6  16   833
    7  20  1835
    9  26  2768
   10  28  3225
   10  37  2475
   12  30  3613
   13  18  1131
   14  25  1435
   16  18   431
   16  28  1604
   19  37  3519
   21  28  1193
   21  33  2248
   22  24   408
   23  35  2217
   24  37  2162
   25  46  4149
   30  36  1050
   34  44  1380
   35  40  1262
   37  44  1871
   38  56  4054
   39  53  1752
   45  53  1319
End
