NMec = 98324
T = 29
P = 2
Profits not ignored
Solution time = 3.204e+01
Task data
    4  14  1082
    4  14  1752
   16  26  1507
   19  39  2518
   24  35  1210
   30  49  2100
   35  45  1780
   38  46  1352
   43  56  1431
   53  68  1835
   66  75  2778
   67  72  1349
   72  83  2491
   74  81   912
   80  83   732
   82 101  4814
   86  92   997
   87 103  3537
   93 102  1238
   95 104  1892
  103 124  4158
  108 124  4924
  110 126  1747
  116 127  2376
  118 135  1794
  121 140  3028
  122 134  1312
  125 133   897
  126 138  1007
End
