NMec = 98324
T = 29
P = 8
Profits not ignored
Solution time = 3.172e+01
Task data
    0  10  2214
    1   7   652
    1  17  2807
    1  18  3972
    1  23  1314
    2   8   645
    2  10  1127
    2  10  1847
    3  14   947
    4  20  2024
    5  14  2232
    5  25  2957
    5  31  3098
    6  17  2261
    6  20  4212
    6  28  3558
    8  10   384
    9  16  1116
    9  25  3120
    9  34  3626
   10  21  1573
   10  22  1203
   10  30  1363
   11  23  1400
   11  29  1636
   15  35  3539
   17  30   787
   18  33  3763
   28  33   478
End
