NMec = 98324
T = 29
P = 6
Profits not ignored
Solution time = 3.160e+01
Task data
    0  14  3456
    1   7   897
    1   7   511
    1  47  8554
    4  13  1408
    5  13  1029
    6  46  6422
    7  19  1078
    7  26  5580
    8  14   851
    9  16  1461
   11  21  1501
   13  29  2777
   13  34  2433
   13  38  4789
   15  46  6017
   17  26  1030
   19  20   221
   20  34  2565
   21  38  4045
   24  38  2757
   24  47  2897
   25  33  1954
   27  40  1476
   28  38  1826
   30  37   640
   32  39  1557
   39  46  1027
   44  48  1232
End
