NMec = 98324
T = 29
P = 7
Profits not ignored
Solution time = 3.187e+01
Task data
    0  17  2500
    1  41  4673
    2  10  1665
    2  12  2041
    3  11  1427
    4  15  2406
    5  11  1016
    5  30  5564
    7  17  1786
    7  19  2197
    7  28  2783
    8  20  2391
    8  21  3774
    8  33  2488
    9  31  2260
   10  18   911
   11  30  5413
   12  27  1872
   13  32  3912
   14  16   317
   14  28  1581
   14  39  5208
   19  27  1035
   21  32  1557
   22  38  4497
   23  40  4152
   26  35  1891
   30  39   629
   32  37  1314
End
