NMec = 98324
T = 29
P = 10
Profits not ignored
Solution time = 3.178e+01
Task data
    0  18  1866
    0  29  5708
    1   7   498
    1  11  2050
    1  28  2103
    2  14  2969
    3  17  3904
    4  10   717
    6  23  2615
    6  28  3640
    7  16  2909
    8  23  2598
    9  22  1967
    9  29  2547
   10  14  1231
   10  28  1422
   11  29  4329
   12  19  1936
   12  21   954
   12  24  3363
   13  16   720
   15  16   244
   16  23  1038
   16  26  1120
   17  20   355
   20  27   698
   21  29  1603
   22  28  1308
   23  27  1252
End
