NMec = 98324
T = 30
P = 8
Profits not ignored
Solution time = 3.162e+01
Task data
    1  17  2995
    1  29  2472
    2  25  5455
    3  19  2300
    4  10  1175
    4  19  2188
    5  28  4635
    6  24  3855
    6  31  5524
    7  22  1154
    8  14  1187
    8  27  4340
    9  19  1116
    9  20  1486
    9  29  4549
    9  34  3099
   10  25  1332
   11  23  1382
   11  36  5639
   14  29  2967
   16  22  1125
   18  20   734
   18  35  2817
   19  30   942
   20  25  1003
   23  32  1104
   24  32  1070
   26  36  2221
   27  36   913
   30  37  1719
End
