NMec = 98324
T = 30
P = 1
Profits not ignored
Solution time = 3.253e+01
Task data
    5  10   706
    8  15  1112
   14  39  4474
   15  24  1513
   15  30  1388
   75  78   809
   85 118  5177
   86 129  3833
  101 279 27355
  106 123  2264
  132 149  3692
  148 158  1180
  156 164  1128
  169 188  2498
  190 197  1299
  194 284  8558
  210 216  1181
  216 222  1736
  222 244  5967
  229 241  1835
  229 253  1988
  230 242  1654
  234 250  1395
  236 250  1913
  246 253   981
  249 268  2175
  251 268  3380
  264 284  3936
  266 271   501
  283 298  3397
End
