NMec = 98324
T = 30
P = 3
Profits not ignored
Solution time = 3.322e+01
Task data
    0  26  2429
    0  56 11754
   10  26  3402
   12  23  1926
   13  98 10489
   15  32  2923
   26  35  1703
   28  31   430
   29  43  1593
   31  50  3263
   33  53  3219
   36  46  1823
   38  44   591
   38  57  3465
   40  52  3009
   40  56  1366
   43  90  6670
   44  64  4411
   56  70  2712
   58  72  1571
   61  67  1331
   61  73  2357
   61  73  1660
   66  74   622
   67  88  3096
   77  83  1134
   78  91  1785
   83  89  1154
   84  92  2010
   86  99  3277
End
