NMec = 98324
T = 30
P = 5
Profits not ignored
Solution time = 3.293e+01
Task data
    1   9  1043
    1  25  3222
    3  16  1890
    4  16  3053
    5  12  1326
    6  19  2048
    6  28  2639
    7  28  5774
    9  16  1040
   10  54 11222
   11  19   666
   12  19  1598
   13  20  1349
   16  37  1744
   17  49  5205
   18  50  4690
   21  52  5795
   22  37  3493
   22  43  3283
   24  48  2108
   29  46  4233
   34  57  3300
   35  58  2512
   36  53  2656
   39  41   410
   40  59  3698
   42  51   596
   43  55  2547
   45  54  1259
   47  58  3090
End
