NMec = 98324
T = 30
P = 6
Profits not ignored
Solution time = 3.171e+01
Task data
    0  39  5955
    0  47 11494
    3  15  2544
    5   6   248
    6  26  4195
   13  28  4537
   14  16   739
   15  22  1698
   15  26   954
   15  30  3256
   15  34  3038
   16  28  1445
   16  35  2107
   17  36  1929
   19  38  2011
   21  40  4171
   21  44  5381
   24  32  1725
   25  34  1475
   25  37  2120
   26  49  3432
   28  40  1794
   28  48  3038
   30  42  3231
   32  44  3165
   33  39  1084
   33  48  2360
   35  42  1649
   40  47   911
   42  43   519
End
