NMec = 98324
T = 30
P = 4
Profits not ignored
Solution time = 3.308e+01
Task data
    1   9   776
    1  11  2262
    2  13  1620
    3  12  1007
    4  18  2648
    4  62 14557
    5  31  3605
    6  13  1208
    6  59  5272
    8  11   984
    8  71 14242
   10  29  1677
   17  23   928
   20  34  3489
   22  25   456
   25  30  1108
   29  32  1126
   30  38   826
   31  46  2064
   34  40  1515
   37  58  1783
   40  62  2901
   41  61  1985
   44  65  2180
   45  67  2544
   48  50   586
   49  63  3123
   51  60  1570
   53  72  2334
   54  64  2978
End
