NMec = 98324
T = 30
P = 2
Profits not ignored
Solution time = 3.246e+01
Task data
    0  24  2673
    1   4   521
    6  13   872
   11  28  1156
   15  33  2141
   19  39  2976
   21  32  2980
   29 120 15890
   31  51  3374
   31  53  3890
   34  46   993
   39  45   644
   44  47   785
   52  66  3013
   53  60  1852
   54  71  1884
   56  71  2664
   61  74  2313
   78  83   860
   86  98  1036
   86 105  2958
   89 104  1670
   89 108  1595
  106 130  6326
  110 115   669
  111 120  1110
  120 127  1361
  127 134  1077
  132 137  1392
  134 149  1381
End
