NMec = 98324
T = 30
P = 7
Profits not ignored
Solution time = 3.195e+01
Task data
    0  13  3934
    1   7   675
    1   7   914
    1  13  1167
    3  17  1984
    3  18  3057
    4  21  3550
    5   8   379
    5  18  2406
    7  25  1814
    9  24  1878
    9  36  2939
   11  19  1183
   12  16   427
   13  18   592
   16  27  1794
   16  30  3868
   16  35  1979
   17  21   384
   17  24  1636
   20  38  1460
   21  31  1096
   22  24   367
   22  29  1622
   23  41  3457
   30  40   945
   32  38   929
   32  42  1524
   33  37   759
   38  41   692
End
