NMec = 98324
T = 30
P = 9
Profits not ignored
Solution time = 3.171e+01
Task data
    0   9  2021
    0   9   982
    1   5   399
    1  17  1882
    1  23  2055
    2   5   423
    2   5   419
    2  11  1277
    2  24  6763
    3  21  1588
    3  27  4664
    4  10  1162
    4  24  3026
    5  22  2504
    6  19  2613
    6  19  2380
   10  23  2346
   11  21  1470
   13  26  2912
   13  26  1296
   13  31  3098
   13  32  2322
   16  26  1475
   17  22   764
   17  32  2944
   18  28  1528
   19  26  1563
   22  33  1170
   22  33  1159
   23  32  2444
End
