NMec = 98324
T = 30
P = 10
Profits not ignored
Solution time = 3.167e+01
Task data
    1  11  1617
    1  12  2052
    1  21  2868
    1  24  5757
    2   6  1018
    2   8   833
    2  11   844
    2  12  2396
    2  26  2248
    4  12  1871
    4  16  1465
    5  18  2630
    5  27  2255
    6  16  1243
    6  29  2990
    7  27  2685
    8  18  1513
    8  20  2347
    8  25  4569
    9  25  3263
   11  17   676
   12  27  3082
   13  29  2206
   14  25  1586
   15  19   468
   15  23  1216
   15  25  1674
   17  23   631
   18  29  2956
   24  26   617
End
