NMec = 98324
T = 31
P = 8
Profits not ignored
Solution time = 3.276e+01
Task data
    0  24  1753
    0  35  5787
    1  13  2046
    1  16  1819
    2  25  2951
    2  32  5450
    3  24  2872
    6   9   707
    6  25  1944
    7  25  3617
    8  15  2219
    8  18  1554
    9  23  2046
    9  34  3851
   11  17  1017
   11  21  1683
   12  21  1775
   13  32  2826
   14  38  4777
   15  25  2115
   15  26  1895
   16  35  1674
   17  24   637
   19  33  1709
   19  36  1655
   22  32  2412
   22  34  1067
   23  28   821
   25  33   803
   27  36  1300
   30  38  2207
End
