NMec = 98324
T = 31
P = 7
Profits not ignored
Solution time = 3.263e+01
Task data
    0   8   917
    0  41  4489
    1   6   838
    1  26  3831
    2  34  6154
    5  16  2540
    5  16  1772
    7  27  4752
    8  25  3373
   11  26  1491
   11  27  3150
   12  23  1107
   14  24  1406
   15  26  1106
   16  37  4696
   17  26  1114
   18  25  1445
   20  41  2113
   21  44  5079
   23  40  1729
   24  33  2260
   24  37  1577
   25  34  1258
   25  40  2822
   26  43  3273
   26  44  1731
   27  33  1303
   30  31   186
   31  33   576
   31  42  2219
   35  37   241
End
