NMec = 98324
T = 31
P = 9
Profits not ignored
Solution time = 3.286e+01
Task data
    0  18  1551
    1  14  3174
    1  19  2293
    1  24  2132
    2   8   818
    2  11  1120
    2  27  2745
    4  23  3854
    5  26  3441
    6  23  3912
    8  27  4173
    9  22  2213
    9  22  2763
   10  18  1400
   10  24  1620
   10  25  4013
   10  31  4555
   11  21  1090
   12  14   846
   12  22  1875
   12  28  1563
   12  31  3845
   13  25  1346
   13  28  3401
   14  19   467
   14  32  1136
   14  32  1836
   17  29   901
   19  27   943
   23  32  1307
   24  31   919
End
