NMec = 98324
T = 31
P = 2
Profits not ignored
Solution time = 3.278e+01
Task data
    3 152 19533
   11  25  1813
   15  39  4243
   15  41  4953
   18  31  1592
   21  40  3013
   27  29   372
   39  56  3912
   39  98  4590
   40  52  1477
   47  68  2507
   51  62  1411
   63  84  4191
   64  83  2674
   80  93  3750
   82  96  1501
   84 100  1670
   85 108  3527
   87  89   616
   99 115  1755
  101 117  3898
  102 109  1867
  102 124  2576
  103 111  1641
  112 129  3643
  113 127  3291
  117 125   772
  126 142  1353
  130 140   809
  133 145  1656
  143 154  1170
End
