NMec = 98324
T = 31
P = 3
Profits not ignored
Solution time = 3.271e+01
Task data
    7  22  3876
    7  74 15618
   11  39  6844
   13  25  1992
   13  28  3871
   15  22  1019
   15  26   957
   15  29  2944
   16  21   806
   18  92 21151
   19  25  1096
   19  27   955
   21  47  2249
   28  50  2549
   33  40   589
   45  60  1631
   45  66  2578
   46  54  1628
   46  62  1939
   48  60  2619
   49  56  1271
   49  58   977
   50  67  1621
   56  65  1830
   61  95  4526
   63  64   286
   66  75   825
   68  88  2519
   71  96  3322
   87  92   584
   96 100  1128
End
