NMec = 98324
T = 31
P = 4
Profits not ignored
Solution time = 3.266e+01
Task data
    0   8  1131
    0  13  1651
    3   4   568
    4  77 15604
    5  23  1853
    6  14   909
    7  17  1328
    7  68  5274
    8  69  8069
    9  55  4736
   11  28  3780
   18  26   977
   21  37  2973
   22  37  2565
   33  57  3970
   34  52  4287
   35  41   874
   36  64  2871
   39  48  1323
   42  62  4263
   45  47   541
   49  59  2652
   50  71  4445
   56  65  1374
   56  66  1537
   57  60   836
   59  63   390
   62  68   756
   62  77  1560
   64  72  1423
   66  73   957
End
