NMec = 98324
T = 31
P = 1
Profits not ignored
Solution time = 3.262e+01
Task data
    0  21  1942
    1   8  1872
   19  47  3688
   20  28   996
   28 139 19321
   30  38  1596
   33  52  2789
   34  50  2387
   43  63  2417
   47  59  2869
   52  54   628
   61  75  2795
   62  87  3898
   63  73  1595
   71  89  1641
   83  92  2207
   84  90   735
   94  96   542
  125 147  4628
  185 187   520
  195 208  3500
  201 226  1820
  218 230  1678
  222 225   648
  225 227   552
  239 259  2362
  241 253  2508
  260 286  4324
  265 268   750
  269 281  2859
  273 276   469
End
