NMec = 98324
T = 31
P = 5
Profits not ignored
Solution time = 3.261e+01
Task data
    0   9  2222
    1  23  2272
    3  50  9740
    8  58  4172
   11  56  3224
   12  28  2735
   12  32  2395
   14  37  5771
   17  35  1607
   19  22   724
   21  42  3156
   23  30  1618
   24  34  1865
   25  58  3949
   26  41  3351
   28  42  2945
   29  35   921
   29  38   935
   31  45  2994
   35  48  1272
   36  52  1220
   37  61  4629
   38  48  2407
   38  59  1871
   39  48  1983
   40  46   578
   40  53  1618
   41  58  2367
   46  54   947
   47  54  1702
   49  55  1302
End
