NMec = 98324
T = 31
P = 6
Profits not ignored
Solution time = 3.258e+01
Task data
    0  16  2779
    0  16  1910
    2  12  2973
    4  16  3567
    4  24  1998
    4  41  6263
    5  22  2652
    5  27  2924
    6  50  9596
    7  13   797
    8  27  4096
    9  20  1490
    9  24  2063
   11  18  1172
   15  31  3890
   15  34  2420
   16  20  1015
   18  22   434
   18  35  3598
   19  24  1265
   19  31  1830
   21  40  4918
   26  38  2468
   27  39  2919
   29  40   960
   32  36   457
   33  50  2581
   34  45  2101
   36  46  2030
   39  46   959
   44  47   758
End
