NMec = 98324
T = 31
P = 10
Profits not ignored
Solution time = 3.270e+01
Task data
    0  26  4947
    1  21  1938
    1  26  2162
    2  18  1725
    2  25  2326
    3  11  1777
    3  14  1168
    4  21  1750
    4  22  2828
    4  25  4824
    6  16  1661
    7  13   671
    7  13   885
    7  21   976
    7  22  4380
    8  28  2075
    9  15   582
   10  17   998
   10  19  1714
   10  20  2649
   11  24  2542
   11  27  1409
   11  27  3092
   12  28  1934
   13  30  4038
   14  28  3173
   15  19   394
   15  22   846
   15  29  2726
   16  28  1847
   20  24   697
End
