NMec = 98324
T = 32
P = 7
Profits not ignored
Solution time = 3.380e+01
Task data
    0   8   704
    0  13  2068
    1  43  7138
    2  32  3830
    4  14  1378
    4  25  2412
    5  11   843
    5  29  3479
    5  33  4344
    7  12  1102
    9  21  2789
   10  20  1828
   11  23   826
   12  16   737
   13  19  1059
   14  32  3377
   14  33  3512
   18  27  1428
   20  31  1518
   21  29  1305
   21  41  2188
   23  31  1815
   24  39  2469
   25  38  3437
   25  41  2727
   26  33  1238
   29  38  2148
   30  37  1076
   30  41  1217
   32  40   690
   36  41   386
   37  40   771
End
