NMec = 98324
T = 32
P = 8
Profits not ignored
Solution time = 3.367e+01
Task data
    0   5   721
    0  14  3002
    1   8  1103
    1  27  3065
    2  39  2998
    3  15  1779
    3  26  2584
    4   5   353
    4  14  1135
    4  22  1101
    4  24  2944
    6  10   798
    6  15   998
    8  22  1646
    8  32  3782
    9  21  3038
   10  31  2287
   10  33  2864
   11  26  1611
   14  24   691
   14  36  2914
   15  19  1311
   16  39  2625
   19  22   434
   19  28  2442
   19  31  2405
   23  33  1221
   24  35  2898
   25  31  1680
   25  39  3734
   27  38  2422
   32  35   881
End
