NMec = 98324
T = 32
P = 9
Profits not ignored
Solution time = 3.367e+01
Task data
    0  30  5608
    0  34  2873
    1   6   531
    1   7   699
    1  12  1486
    2   9  2029
    3  10  1021
    3  26  5698
    4  14  1674
    4  25  2786
    5  22  2871
    5  29  2126
    6  31  1645
    7  27  3666
    8  26  2296
    8  30  4246
    9  18  2036
   11  19  1055
   12  27  1961
   14  21  1438
   14  32  1020
   15  30  2137
   16  22   677
   17  24   970
   18  23  1157
   20  24   356
   20  30  1663
   20  33  2434
   23  33  2481
   25  35  1794
   26  27   418
   29  31   268
End
