NMec = 98324
T = 32
P = 3
Profits not ignored
Solution time = 3.366e+01
Task data
    4  20  3165
    8  19  1263
   10  17  1177
   11  26  3211
   12  21  1766
   17  35  1812
   19  27   672
   28  35  1084
   29  40  1308
   29  42  2423
   34  52  4573
   40  59  2670
   42  61  3280
   48  71  3322
   51  61   807
   52  56   771
   53  74  3975
   55  71  1843
   59  73  1976
   63  80  2084
   64  76  2861
   73  96  4369
   79  89  1401
   82  89  1141
   82  93  1813
   82 101  3205
   84  89  1249
   84 101  3838
   85  89   490
   89  90   216
   95 103   671
  100 104   468
End
