NMec = 98324
T = 32
P = 5
Profits not ignored
Solution time = 3.371e+01
Task data
    2  53  3964
    4  18  3434
    5  18  1478
    9  27  2467
   10  28  2417
   11  16  1628
   12  25  2768
   12  35  2401
   13  15   209
   17  23   706
   21  36  1652
   22  34  2148
   23  40  4494
   24  39  2298
   25  32   966
   25  45  3136
   26  56  3848
   28  43  1358
   29  37  1225
   29  37  1281
   29  41  3003
   29  48  4054
   30  35   728
   32  46  2409
   35  51  4201
   36  40   905
   36  53  1616
   37  51  1160
   39  55  3111
   41  46   558
   47  59  1039
   54  56   430
End
