NMec = 98324
T = 32
P = 4
Profits not ignored
Solution time = 3.366e+01
Task data
    9  12   305
    9  23  2788
   10  19  2156
   11  18  1843
   12  35  2287
   15  78 16897
   17  27  1068
   18  25   804
   21  39  1887
   22  39  3029
   23  31   904
   23  41  3692
   24  37  2127
   25  35  2970
   28  39  1955
   28  47  2373
   30  49  2435
   32  46  2426
   33  53  4128
   38  63  5901
   46  55  1658
   47  49   314
   51  69  3958
   53  55   299
   54  77  2294
   56  65  1128
   60  74  1538
   61  71  1381
   66  72  1618
   67  71   752
   69  76  1557
   77  79   325
End
