NMec = 98324
T = 32
P = 6
Profits not ignored
Solution time = 3.363e+01
Task data
    0  10  2580
    1  14  1477
    2   5   489
    2  17  3386
    3  12   914
    4  13  1607
    4  32  4509
    5  11   981
    5  16  1120
    6   9   385
    8  24  4033
    9  29  1443
   12  17  1271
   13  30  2078
   13  32  1482
   13  35  1338
   14  28  2806
   16  27  1639
   16  30  4221
   21  36  1404
   24  33  2149
   25  33  1248
   25  40  3827
   26  37  3156
   27  44  3297
   28  44  2677
   31  41  2271
   31  45  1352
   33  49  1740
   40  52  1424
   40  52  2217
   45  52  1894
End
