NMec = 98324
T = 32
P = 2
Profits not ignored
Solution time = 3.375e+01
Task data
    0 119 19923
    4  15  1731
   20  43  2952
   21  41  1515
   28  56  3694
   39  49  1512
   40  47  1014
   45  59  3232
   46  55  1642
   46  70  2605
   50  68  2588
   51  67  4531
   64  72  1729
   64  75  2930
   66  74  1321
   76  97  1840
   77  81   631
   85 101  1176
   87  93   878
   90 108  3788
   95 119  3698
   96 110  1023
  101 107   680
  105 124  3730
  106 114  1137
  108 119  2165
  108 130  2292
  117 128  1591
  136 145  1596
  138 159  5181
  140 158  1955
  146 155  1111
End
