NMec = 98324
T = 32
P = 1
Profits not ignored
Solution time = 3.376e+01
Task data
   13  23  2058
   23 265 35287
   24  37  1295
   27  31   619
   35  48  1572
   48  59  2876
   84 104  3047
   91 106  1817
  105 112  1030
  113 130  2761
  119 136  2037
  126 132  1083
  133 153  1467
  137 157  3737
  149 164  1998
  165 179  2504
  178 186  1963
  183 202  3206
  196 204   531
  199 208  2185
  212 221  1007
  218 242  5083
  241 249  1236
  249 270  2360
  254 263  2082
  258 266  1275
  266 274  1969
  270 278  1553
  277 295  2281
  279 295  4424
  289 297   741
  307 311   627
End
