NMec = 98324
T = 32
P = 10
Profits not ignored
Solution time = 3.371e+01
Task data
    0  10  1511
    0  18  2377
    1  23  2597
    1  26  3795
    3  12   969
    4  16  3448
    5  12   842
    5  16  1312
    5  16   869
    5  20  2599
    5  22  3047
    5  29  6449
    7  29  5169
    8  28  1735
    9  17  1199
    9  20  3099
   10  12   393
   11  19  1853
   12  23  1341
   13  25  1207
   13  25  3298
   15  24  1736
   16  31  2704
   19  25  1991
   19  29  1129
   19  29  1197
   19  29  2327
   22  29  1897
   24  26   653
   24  31  1482
   25  27   624
   25  30   568
End
