NMec = 98324
T = 33
P = 6
Profits not ignored
Solution time = 3.463e+01
Task data
    0  51  6532
    1   9  1162
    2   3   168
    2  12  1945
    2  14  1454
    3  42  6514
    3  50  9131
    6  50 10093
    8  16  1441
    8  19  1432
   10  18  1756
   10  32  3153
   11  30  4253
   13  30  3282
   15  52  5199
   16  28  1253
   16  35  3080
   20  39  4286
   21  28  1097
   22  25   406
   24  31   905
   27  39  2387
   27  42  2691
   28  43  2617
   32  35   254
   32  37   631
   36  47  1924
   37  52  1393
   38  40   405
   41  44   320
   48  49   446
   49  52   447
   50  54   354
End
