NMec = 98324
T = 33
P = 4
Profits not ignored
Solution time = 3.457e+01
Task data
    1  15  1393
    3  82 14356
    5   9  1305
   10  16   896
   11  23  1363
   12  53  3436
   13  25  3173
   14  30  2544
   18  39  4923
   18  52  4695
   22  33  1289
   24  34   721
   24  45  3797
   24  73 10096
   24  74  5314
   28  50  6184
   31  36  1442
   31  41  1641
   33  54  5287
   35  42  1516
   42  63  3714
   43  54  2858
   44  61  3190
   50  71  5192
   54  64   767
   56  68  2046
   56  68  1435
   60  68  1879
   60  76  2350
   65  71   853
   68  73   562
   68  79  2668
   73  79   784
End
