NMec = 98324
T = 33
P = 8
Profits not ignored
Solution time = 3.488e+01
Task data
    0  17  3402
    1   6   711
    3   7   514
    3  15  1804
    3  20  1792
    6  15  1777
    6  19  2491
    7  25  2430
    8  11   264
    8  19  2794
   10  33  2663
   11  14   651
   12  29  2327
   13  26  1857
   16  29  1301
   17  24   574
   18  40  4368
   19  27   504
   19  28  1698
   20  24   533
   20  29  1184
   21  37  3553
   23  34  1000
   24  35  3078
   25  34  1433
   25  35  2008
   25  41  4278
   26  37  3389
   27  37  1706
   27  41  1614
   29  36   866
   33  35   520
   36  41   569
End
