NMec = 98324
T = 33
P = 2
Profits not ignored
Solution time = 3.465e+01
Task data
    0 163 19436
    4 155 28334
    6  17   783
   10  26  2497
   15  31  2082
   23  37  2141
   42  66  2548
   52  64  3498
   65  85  2551
   66  76  1182
   67  75  1317
   70  93  4893
   71  81  1709
   80  82   174
   83  91  1218
   85  88   787
   90 102  3112
   92 106  2331
   93 102  1135
   95 106  1542
   97 114  2022
   98 117  2715
   99 102   359
  114 127  1376
  127 142  2578
  130 145  2616
  131 151  4062
  134 138   859
  136 149  2632
  137 149  2492
  137 154  3068
  138 149  2783
  150 160  2413
End
