NMec = 98324
T = 33
P = 3
Profits not ignored
Solution time = 3.453e+01
Task data
    3  14  1782
    4  60  9416
   12  33  2101
   14  29  3030
   15  37  3843
   16 102 11174
   19  45  2508
   21  38  2264
   28  47  2985
   32  46  3010
   40  57  1085
   44 105 13976
   49  57  1903
   55  65  2994
   56  63  1337
   58  84  4209
   61  70  1825
   61  79  3173
   61  79  2453
   68  72   434
   70  82  1171
   72  89  2307
   73  74   375
   73  84  1141
   75  95  3570
   78  97  2455
   79  88  1352
   80  85  1160
   83  97  2532
   85 104  2007
   86 105  1706
   93  98   755
   99 107  1857
End
