NMec = 98324
T = 33
P = 7
Profits not ignored
Solution time = 3.471e+01
Task data
    0   7   887
    0  20  3334
    1   9   860
    2   8   889
    2  30  6154
    3  19  3853
    4  17  2988
    5  26  5282
    7  47  7758
    8  14  1341
    8  18  1105
    8  28  4440
   12  17  1002
   13  20   775
   14  24  1119
   15  31  3839
   16  24  1096
   16  32  2267
   17  31  4136
   23  27   926
   23  30   723
   23  33  2626
   24  36  1527
   26  35   866
   26  37  1738
   27  34  1259
   27  46  4013
   29  32   409
   31  35   463
   32  45  2445
   33  38  1149
   36  46  1596
   38  47  2537
End
