NMec = 98324
T = 33
P = 9
Profits not ignored
Solution time = 3.482e+01
Task data
    0  15  1980
    1   2   351
    1  11  2550
    1  12   911
    1  15  1712
    1  35  5302
    2  20  1967
    4  14   930
    5  28  2806
    5  33  7311
    6  18  2562
    6  27  2856
    7  20  2652
    7  30  1823
    8  19  2506
   11  32  2429
   12  22  2006
   12  30  3353
   13  19  1663
   13  25  1502
   13  27  3114
   13  31  1716
   14  30  2316
   14  34  1851
   16  29  1859
   17  26   885
   17  27  1850
   18  25  2087
   19  29   778
   19  35  1511
   20  33  2882
   22  36  2906
   24  33  1856
End
