NMec = 98324
T = 33
P = 5
Profits not ignored
Solution time = 3.467e+01
Task data
    0  11  1111
    0  65 12200
    1  20  4376
    2  25  2433
    2  62 12792
    3  53 10304
    5  28  1667
    7  46  7653
    9  10   428
    9  28  1696
    9  29  3349
   10  13   346
   12  21   782
   14  21  1962
   15  16   161
   16  38  2586
   24  34  1851
   26  33   603
   27  50  2890
   29  38  1371
   30  57  2508
   31  39   553
   33  41  1333
   35  44  2374
   38  48  1854
   39  49  1311
   41  58  4157
   42  59  1316
   43  63  2850
   49  53   484
   52  57  1419
   53  60   823
   54  59   604
End
