NMec = 98324
T = 33
P = 1
Profits not ignored
Solution time = 3.458e+01
Task data
   16  35  3346
   18 327 18376
   24  32  1170
   29  49  3755
   31  40  1110
   39  60  3470
   43  68  4197
   48  61  3604
   50 267 27419
   71  82  3327
  106 112  1233
  109 278 12143
  113 130  2340
  114 138  1456
  140 158  1391
  142 154  1765
  162 168  1189
  166 177  2034
  194 209  1568
  199 204   773
  218 220   476
  225 232  1456
  226 228   315
  245 251   688
  246 256   623
  246 258  1979
  249 255   762
  257 266   983
  274 289  1247
  276 278   274
  280 284  1191
  283 297  2170
  322 326   686
End
