NMec = 98324
T = 33
P = 10
Profits not ignored
Solution time = 3.479e+01
Task data
    0  13  1183
    0  32  6458
    2  19  1744
    2  25  1731
    2  26  2973
    3  10   770
    4  17  2004
    4  26  3512
    5  15  1249
    5  16  1557
    5  23  4921
    5  24  2441
    6  17  1828
    6  24  4997
    7  14  1230
    9  22  3577
    9  28  1789
   10  22  1719
   10  24  2094
   13  23  2045
   14  17   645
   14  19  1648
   14  28  1335
   15  22  2300
   16  29  1316
   17  24  1232
   17  27  2082
   18  28  2274
   18  31  1378
   21  30   894
   22  23   119
   23  25   487
   23  25   223
End
