NMec = 98324
T = 34
P = 7
Profits not ignored
Solution time = 3.572e+01
Task data
    0  15  1834
    0  48  3295
    2  14  2833
    3  43  8063
    4  23  2543
    4  40  8832
    4  48  3283
    6   8   513
    6  16  1412
    6  32  6743
    8  20  1767
    8  46 10037
    9  39  2887
   11  22  2336
   11  25  3386
   13  14   258
   13  32  3748
   13  47  5453
   14  27  2658
   14  31  2476
   16  23  1332
   16  28  1360
   18  33  2685
   18  43  2687
   21  37  3416
   21  41  3934
   24  46  2300
   25  39  2051
   26  37  1629
   26  45  4232
   29  33  1216
   32  44  1433
   38  39   258
   39  45   776
End
