NMec = 98324
T = 34
P = 8
Profits not ignored
Solution time = 3.566e+01
Task data
    0   8  2130
    0  11  1391
    1   9   620
    1  10  1006
    1  13  2741
    2   5   378
    3  17  1144
    4  23  1513
    5  13   871
    5  23  2346
    7  24  3067
    7  29  4941
    8  18  1547
    8  21  1927
    9  30  5263
   13  23  1241
   13  35  2382
   14  27  1893
   14  33  3164
   15  22  1304
   17  21   482
   17  31  1656
   17  40  4070
   18  26  1997
   18  33  2756
   19  40  3687
   20  26   774
   20  37  2297
   24  30  1647
   24  30  1251
   25  36  1272
   27  35  1053
   27  36  2285
   33  40   855
End
