NMec = 98324
T = 34
P = 4
Profits not ignored
Solution time = 3.565e+01
Task data
    0  23  2790
    1   9  1586
    3  20  2456
    3  22  1764
    7  84 11983
   20  25   590
   20  44  6403
   21  35  1385
   22  28   907
   25  29  1001
   29  36   580
   29  40   867
   32  43  1444
   34  42  1180
   34  57  4808
   35  46  3219
   37  74  5169
   38  56  4430
   41  51  1602
   42  64  1663
   48  54   842
   48  57  1831
   48  64  2809
   52  60   933
   52  65  1963
   54  73  2565
   56  63  1240
   57  67  1338
   57  77  2547
   58  65  1262
   59  61   658
   63  81  1300
   66  71   714
   66  76  1547
End
