NMec = 98324
T = 34
P = 1
Profits not ignored
Solution time = 3.577e+01
Task data
    3  21  4695
    6 336 40760
    7  18  2008
   26  34  1005
   28  43  2410
   35  49  2894
   49  74  7014
   58  63   836
   67 184 10936
   80 199 22753
   82 106  3967
   88 104  2107
   89  94   431
   99 115  1506
  105 111   947
  106 109   338
  125 138  1540
  132 139  1761
  133 151  2298
  147 163  3588
  152 160  1596
  165 182  2686
  193 214  4335
  211 233  3469
  223 240  2700
  240 261  2940
  257 273  2878
  259 271  1221
  261 275  2858
  274 298  3977
  292 297   637
  292 305  2514
  304 316  2005
  321 323   352
End
