NMec = 98324
T = 34
P = 3
Profits not ignored
Solution time = 3.565e+01
Task data
    3  11  1334
    7  17  2569
    9  20  1994
   16  27  1446
   22  30  1110
   25  45  5362
   26  35   807
   27  36  2388
   34  51  4061
   38  62  5514
   39  48   772
   48  58  1124
   52  67  1228
   55  62  1055
   59  68  1434
   64  72  1215
   64  80  1789
   64  86  6015
   65  80  2805
   67 103  8725
   69  85  2420
   71  81  1569
   72  84  3128
   74  87  1397
   78  89  2673
   78 102  1415
   81  92  1323
   85  89   921
   85 100  1767
   86  97  1735
   87  93   992
   95 104  1922
  102 110  1266
  106 112  1345
End
