NMec = 98324
T = 34
P = 5
Profits not ignored
Solution time = 3.568e+01
Task data
    0  16  2789
    1  50  7724
    2  23  4211
    2  62 12508
    3   6   439
    3  11  1341
    3  14  2274
    3  21  4669
    5  26  3043
    7  14  1014
    9  17   901
   12  43  4360
   14  32  2044
   16  29  2807
   16  66 12449
   19  21   508
   19  29  2449
   20  33   862
   24  34  1145
   24  53  4603
   25  49  3092
   26  45  2487
   29  51  3946
   30  47  2447
   30  48  2755
   32  44  2073
   34  45  2186
   36  52   987
   40  54  2498
   41  61  4330
   43  57  1847
   48  61  2312
   51  56   594
   53  67  1631
End
