NMec = 98324
T = 34
P = 2
Profits not ignored
Solution time = 3.570e+01
Task data
    4  25  2145
   11  16   803
   13  21  1098
   13 143 12611
   15 162 21232
   18  27   857
   20  22   169
   20  39  2526
   27  39  1001
   29  48  4810
   30  35   909
   30  50  4699
   33  47  2709
   34  43  1147
   39 168 18510
   41  48  1750
   44  59  1676
   45  55  1592
   50  65  1941
   62  73  2617
   70  96  3400
   73  78  1507
   83  96  1677
   86 105  2658
  104 126  3475
  107 116  2302
  117 129  2215
  123 133  1038
  127 146  3514
  132 145  2083
  133 150  4182
  133 150  5329
  140 160  1989
  151 160  1123
End
