NMec = 98324
T = 34
P = 6
Profits not ignored
Solution time = 3.575e+01
Task data
    0  15  1676
    1  15  1464
    2  19  2104
    3  22  2145
    4  26  1359
    5  22  1196
    8  30  1468
    8  30  2716
    8  55 10589
    9  42  3083
   10  21  2612
   12  40  4668
   13  30  1982
   16  56  4130
   19  30  1357
   20  32  2819
   21  50  7214
   22  37  2300
   25  43  3899
   26  50  5106
   28  38  1035
   28  51  1799
   29  38  1667
   29  43  2368
   30  47  1743
   31  38   557
   31  50  2001
   33  41  1734
   33  53  4206
   35  43   733
   38  47  1459
   40  54  3539
   43  54  1482
   45  53  1477
End
