NMec = 98324
T = 34
P = 9
Profits not ignored
Solution time = 3.569e+01
Task data
    0  13  1799
    0  25  6480
    2   9   763
    2  26  2505
    2  27  4431
    2  34  2318
    4   9  1327
    5   6   420
    5  25  4061
    6  10   659
    6  17  2535
    8  25  3657
    8  26  3405
    9  29  1443
    9  34  4593
   10  31  3112
   11  25  2797
   11  25   846
   12  25  2795
   12  26  1555
   12  28  3780
   13  30  1070
   15  25  2286
   17  26  1146
   18  30  1202
   18  31  1785
   18  35  3233
   19  29   611
   21  26   766
   21  34  3355
   23  37  1598
   27  37  1647
   29  35  1368
   32  37   772
End
