NMec = 98324
T = 34
P = 10
Profits not ignored
Solution time = 3.574e+01
Task data
    0  10   678
    0  14  2956
    0  17  1956
    0  21  3568
    1  11  1928
    3  10   954
    3  21  2711
    3  30  4205
    4  25  3191
    4  29  1938
    5  14  1553
    5  14  1577
    5  25  4472
    6  13  1833
    6  31  2893
    7  14  1134
    7  16  1457
    8  28  2093
    9  18  1516
    9  32  3468
   11  19  1024
   12  19  1443
   13  23  1043
   13  31  1844
   14  18   382
   15  23  2201
   15  33  3250
   16  20   835
   16  29   908
   16  30  1326
   17  25   818
   17  27   956
   17  32  2618
   23  30  1138
End
