NMec = 98324
T = 35
P = 1
Profits not ignored
Solution time = 3.667e+01
Task data
    4  12  1779
   29  40  1357
   33  44  1319
   36  50  3619
   52  66  2300
   71  80  1829
   72 290 46877
   91 106  1867
   94 104  1425
  111 299 17490
  113 135  3000
  119 128  1066
  132 266 26461
  136 144  1746
  164 171   905
  170 173   903
  176 192  2893
  177 186  1714
  193 204  1746
  193 205  2262
  195 201   879
  199 263 16617
  201 217  2585
  209 225  1213
  224 232  1963
  232 240  1254
  235 252  3455
  272 281  1545
  281 292  1832
  288 296  1249
  305 320  2448
  318 327   601
  327 338  1671
  329 335   673
  331 343  2133
End
