NMec = 98324
T = 35
P = 5
Profits not ignored
Solution time = 3.668e+01
Task data
    1   6  1231
    2  39  4709
    2  48  5816
    3   7   431
    6  24  3386
    6  25  2756
    8  25  1813
    8  33  5934
   11  25  1159
   12  35  2983
   13  56  9721
   16  24   958
   17  30  1896
   18  26   775
   20  25   947
   21  38  1655
   23  32  1516
   27  41  1129
   35  38   273
   35  41   873
   35  41  1440
   35  55  4632
   36  49  3589
   37  47  2735
   37  50  1076
   40  46   831
   45  62  4807
   48  62  1421
   50  61  2144
   50  61  2158
   55  57   421
   57  66  1109
   58  63   558
   60  68   885
   62  65   607
End
