NMec = 98324
T = 35
P = 9
Profits not ignored
Solution time = 3.679e+01
Task data
    0  18  1914
    0  36  2796
    1   6   816
    1  15  2682
    2  13   865
    2  19  1199
    5  25  2318
    6  17  1620
    6  25  2918
    7  16  1323
    8  28  2334
    8  30  1592
    9  33  2498
   10  20  1477
   11  17  1476
   11  24  1911
   12  22  1292
   12  29  2145
   12  31  2831
   12  36  2712
   13  16   305
   13  21  2151
   15  37  4006
   18  32  1396
   19  23   466
   20  22   357
   20  28  1431
   20  28  1018
   20  32  2211
   20  33  2834
   21  35  1988
   21  35  3139
   22  32  1005
   25  34  1176
   31  36   699
End
