NMec = 98324
T = 35
P = 4
Profits not ignored
Solution time = 3.674e+01
Task data
    0  10  1031
    1   3   274
    5  59  9968
    7  11   942
    7  23  1542
   11  19  1691
   12  24  2753
   13  22  1005
   14  23  1896
   15  28  2486
   15  39  2575
   20  35  1599
   23  30  1208
   23  38  2467
   25  45  4543
   26  37   893
   26  44  2296
   27  39  1430
   30  42  1549
   35  49  3822
   37  57  2217
   37  58  2272
   41  50   800
   41  60  2350
   43  83  7522
   45  53  1116
   46  63  4340
   48  61  1523
   52  56  1081
   54  66  2173
   54  79  2961
   59  82  4789
   60  68  1933
   70  87  2225
   71  75  1138
End
