NMec = 98324
T = 35
P = 7
Profits not ignored
Solution time = 3.679e+01
Task data
    0  15  2996
    0  45  4905
    3  11  1595
    3  12  1880
    3  33  4248
    4  21  2759
    5  11  1395
    5  24  1870
    6  30  3706
    6  30  3808
    8  14   993
    9  18   785
   10  21  1407
   11  27  2172
   14  22  1282
   15  28  1781
   15  42  3329
   16  24   838
   17  22   577
   20  40  2997
   20  45  2276
   21  33  1113
   23  32  1601
   24  31  1100
   25  38  2292
   26  49  3122
   27  29   180
   27  49  3096
   28  48  3572
   29  43   881
   30  46  3354
   30  47  4426
   33  45   729
   34  40  1283
   36  40   695
End
