NMec = 98324
T = 35
P = 6
Profits not ignored
Solution time = 3.668e+01
Task data
    0   4   621
    0  51  7385
    3  47 10631
    4  53 10716
    5  16  2784
    7  26  4508
    8  53  6212
    9  25  1763
    9  28  5083
   10  25  2637
   10  30  2235
   11  27  1763
   11  53  9226
   12  33  5969
   13  21  1383
   14  16   500
   14  18   542
   14  40  4950
   18  48  2560
   19  34  2586
   20  34  2781
   21  43  4267
   23  28   646
   24  40  2090
   25  33   867
   28  53  2366
   32  38  1611
   32  40  1318
   32  47  1798
   34  46  2239
   35  57  4512
   36  46  1131
   45  53   661
   45  55  1653
   51  57   550
End
