NMec = 98324
T = 35
P = 3
Profits not ignored
Solution time = 3.666e+01
Task data
    0  19  1807
    1  20  1689
   14  25  2478
   16  28  2684
   17  66  5379
   18  24   691
   19  22   839
   28  40  2339
   30  40  2685
   32  42  1559
   34  49  1216
   38  48   910
   38  54  1298
   40 101  7281
   43  48   557
   44  61  2591
   47  68  5405
   49  51   321
   50  60  1838
   60  70  1187
   63  79  1201
   64  78  1276
   65  87  2039
   66  71   769
   67  73   622
   70  87  2654
   71  73   385
   72  81  1745
   77 113  5220
   83 103  2699
   87  99  1314
   90 108  2919
   93  95   369
   96 106  1157
  103 111   766
End
