NMec = 98324
T = 35
P = 2
Profits not ignored
Solution time = 3.669e+01
Task data
    4  19  2248
    6  10   889
    6  26  5431
   12  19   807
   17  25   985
   17  26   747
   17  30  2035
   19  85 16724
   22  47  1743
   25  35  2321
   30  46  3568
   31  44  1336
   37  53  2083
   46  65  2412
   52  54   301
   84 100  1219
   85  93   681
   85 101  2047
   87  97  1858
   89 107  5327
   97 106   764
  100 109  1174
  101 125  5740
  109 112   799
  109 115   784
  109 131  6111
  110 119   653
  113 119   606
  116 125  1251
  138 149  2098
  147 154  1438
  147 161  1553
  147 166  4241
  149 157  1571
  162 171   831
End
