NMec = 98324
T = 35
P = 8
Profits not ignored
Solution time = 3.674e+01
Task data
    0  43  9792
    0  43  8866
    1  14  3479
    1  42  5041
    2  12  2072
    2  27  6537
    3  22  2446
    4  20  2424
    5  24  2581
    5  27  5417
    6  14   831
    7  25  2305
    7  32  2377
    8  28  2578
    9  23  3514
    9  30  2641
   11  23  1845
   11  32  3741
   12  22  1103
   13  24  2008
   14  28  2444
   16  23   898
   16  33  1078
   17  30  1661
   18  29  3259
   22  28  1074
   24  38  2984
   28  43  1648
   30  35   633
   30  42  1417
   32  43  2953
   33  42  1059
   34  43  1074
   36  40   752
   36  41   422
End
