NMec = 98324
T = 35
P = 10
Profits not ignored
Solution time = 3.679e+01
Task data
    0  14  1917
    0  34  5820
    1  13  2784
    1  19  3304
    1  34  6795
    2   9  1647
    3  29  3932
    4  24  2869
    6   8   245
    6  15  2042
    7   9   504
    7  19  1478
    7  22  1456
    7  25  2833
    8  20  3413
    8  22  1708
    8  26  1973
    8  32  4699
    8  32  4395
    9  12   413
    9  31  2248
   10  16  1653
   12  21  1079
   13  18   826
   13  33  2190
   14  21   874
   15  22  1730
   16  28  2628
   17  25   875
   17  29  1937
   18  24   968
   19  28   956
   19  32  3238
   20  29   534
   22  32  1055
End
