NMec = 98324
T = 36
P = 7
Profits not ignored
Solution time = 3.796e+01
Task data
    2   5   664
    2  13  1306
    3  12  2207
    3  14  1474
    6  31  6519
    7  20  2610
    7  20  2971
    7  27  2094
   11  42  4680
   12  25  4056
   14  27  1835
   16  22   832
   16  26  1309
   18  38  4083
   20  23   845
   20  31  1183
   20  31   909
   21  26   481
   21  29   894
   21  32  1297
   22  34  2733
   24  38  2326
   25  32  1546
   26  33   596
   26  34  1389
   26  35  1632
   26  48  3177
   27  39  1401
   27  41  3549
   28  44  3436
   28  45  1709
   29  39  1944
   30  39  1685
   34  49  4276
   35  47  1299
   42  49   973
End
