NMec = 98324
T = 36
P = 5
Profits not ignored
Solution time = 3.777e+01
Task data
    1  11  1086
    2  15  2113
    3  28  2571
    4  11   953
    5  16  1425
    6  16  2222
    6  18  1666
    6  21  2969
    9  52  9327
   10  11   320
   14  24   970
   15  23   987
   16  24  1036
   20  27   850
   23  24   304
   25  27   315
   25  44  2958
   26  33   425
   28  29   514
   29  42  2491
   32  55  5792
   36  50  3641
   38  46  1790
   38  51  2244
   40  59  2995
   41  55  1567
   42  48  1602
   42  65  2351
   43  50  1336
   44  49   872
   47  52   375
   47  63  1560
   52  60  1678
   55  58   637
   55  59   769
   58  69  3488
End
