NMec = 98324
T = 36
P = 4
Profits not ignored
Solution time = 3.788e+01
Task data
    1  19  1681
    1  87 19387
    4  65 12589
   10  30  1951
   14  31  3214
   19  31  2869
   20  27   765
   20  28  1620
   20  85 10756
   22  33  1558
   23  29  1283
   25  45  1899
   29  34  1111
   29  39  1112
   30  35  1137
   33  49  2377
   35  57  2315
   39  58  2371
   40  49  1636
   40  56  1949
   40  86  9806
   42  44   201
   42  62  2720
   46  52   523
   48  55  1355
   52  71  4019
   53  79  3827
   54  73  1648
   55  57   297
   57  77  2631
   57  77  3052
   59  75  4621
   60  77  3205
   61  67   659
   66  84  1078
   79  83   627
End
