NMec = 98324
T = 36
P = 9
Profits not ignored
Solution time = 3.774e+01
Task data
    0  16  1738
    0  17  2695
    1   8  1205
    1  11  2092
    2  11  2562
    2  28  2910
    3  17  2141
    3  29  3054
    5  25  1937
    7  17   932
    7  24  3503
    7  31  2040
    7  36  6339
    7  37  3330
    9  32  2192
   11  25  1652
   12  24  1379
   12  26  1641
   12  26  2272
   13  19   704
   13  20   963
   14  35  3431
   16  25  1711
   16  34  4305
   17  24   960
   17  36  4268
   18  26  2013
   18  36  3011
   19  27   884
   19  39  3515
   21  34  2594
   21  38  1965
   22  29  1557
   25  39  3278
   29  32   501
   30  35   726
End
