NMec = 98324
T = 36
P = 1
Profits not ignored
Solution time = 3.769e+01
Task data
   27  43  3789
   40  55  3312
   56  73  3067
   77  98  2613
   84 106  2278
   92 105  3585
   96 104  1090
   96 119  3118
  105 111   768
  109 117  1007
  117 134  1070
  120 123   692
  121 142  3476
  149 156  1194
  149 159  1102
  154 155   406
  154 167  2730
  159 160   258
  162 355 35757
  181 186   400
  203 222  2665
  217 236  3070
  221 230  2302
  236 256  2718
  246 255  1308
  254 263  1449
  265 273  1220
  271 279  1936
  274 289  1879
  275 281   631
  277 283   697
  278 287  1323
  289 300  2801
  314 325  1130
  317 333  2590
  340 349  1467
End
