NMec = 98324
T = 36
P = 8
Profits not ignored
Solution time = 3.788e+01
Task data
    1   6   534
    1  10   959
    1  41  9203
    2  27  2655
    3   8  1148
    3  22  3242
    4  19  2398
    6  44  6361
    7  24  2049
    8  20  1530
    9  21  2331
   10  29  4289
   10  33  4931
   11  20  1150
   11  35  5623
   14  31  1893
   14  33  2807
   16  30  2433
   17  23   950
   17  32  1312
   20  36  2335
   21  25   681
   21  28   609
   22  27   662
   22  39  1649
   23  31  1233
   25  33  1851
   25  34   929
   25  40  1499
   25  40  1756
   27  36  2580
   27  38  1404
   27  39  1623
   28  34  1084
   33  43  2392
   38  40   207
End
