NMec = 98324
T = 36
P = 3
Profits not ignored
Solution time = 3.772e+01
Task data
    4  13  1511
    5 118 17983
    7  15  1671
   10  27  4521
   11  28  3088
   13  19   571
   14  21  1846
   17 111 17022
   22  32  1334
   22  40  1366
   26  31   610
   28  38  2167
   31  33   518
   31  50  4005
   35  47  1604
   40  51  1044
   45  59  2464
   45  60  2254
   51  57  1480
   59  61   647
   68  87  1644
   75  84  1469
   76  98  2123
   77  85  2116
   79  94  1226
   82  90   947
   84 107  4429
   86 112  3529
   88 113  5739
   89  93   938
   93 107  2191
   95 108  2499
  101 105   491
  102 108   943
  104 111  1361
  109 112   847
End
