NMec = 98324
T = 36
P = 2
Profits not ignored
Solution time = 3.767e+01
Task data
    2 140 12007
    6  28  1707
   11  72  7824
   12  21  2162
   20  38  3526
   25  45  3008
   35  58  2085
   50 120 11918
   52  65  2605
   53  70  2522
   62  68   987
   72  78   833
   73  87  1673
   80  90  1173
   83 104  4044
   85  91  1008
   86  88   274
  100 126  6522
  100 171  8938
  103 112  1839
  104 115  2801
  105 124  1847
  109 173  7650
  112 121  1940
  112 138  3937
  118 129  1925
  141 161  3750
  146 162  1794
  149 159   730
  150 158  2093
  158 168  1595
  160 171  1417
  160 178  2809
  164 172  1027
  166 176  1079
  171 175   928
End
