NMec = 98324
T = 36
P = 6
Profits not ignored
Solution time = 3.787e+01
Task data
    1  15  1585
    1  19  2445
    1  31  6032
    2  12  2243
    3   9   989
    5  13   930
    6  23  2784
    7  36  2563
    8  18  2331
   13  27  2948
   14  34  4573
   15  27  1244
   16  59  8126
   18  37  4505
   19  25   642
   20  39  2239
   21  29  1468
   21  31  1141
   22  34  3106
   24  39  1768
   25  36  2277
   26  29   464
   26  29   327
   27  39   763
   28  52  1811
   29  38  2238
   30  40  1033
   31  39  1258
   32  56  5740
   36  50  1756
   38  49  1992
   39  58  2161
   44  51  1327
   44  55   902
   47  49   678
   48  54   952
End
