NMec = 98324
T = 36
P = 10
Profits not ignored
Solution time = 3.825e+01
Task data
    0  13  1478
    1  30  5832
    3  19  3394
    3  23  4987
    4  15  1487
    4  15  1661
    4  21  1893
    4  23  2371
    5  20  3003
    5  22  3458
    5  28  1967
    6  22  3838
    7  18  1727
    8  28  2863
    8  30  3643
    9  21  3150
    9  23  1548
   12  31  2894
   12  33  1583
   13  20   756
   13  30  2977
   14  29  3152
   15  28  1430
   16  19   755
   16  34  2820
   17  26  1091
   17  27  1681
   19  30  1444
   20  31  1289
   20  33  1247
   21  30  1457
   21  35  1160
   22  32  1022
   22  33  2793
   27  35  1213
   31  34   577
End
