NMec = 2020
T = 26
P = 3
Profits not ignored
Solution time = 5.788e+00
Task data
    0   8  1538
    1   8  1053
    3  63  4909
    6  14  1066
    8  26  2121
    9  25   972
   10  27  2987
   16  25  2247
   18  36  4056
   25  39  1821
   25  42  3720
   26  48  1227
   28  33   912
   33  44  1240
   36  45   998
   47  66  2994
   56  69  2513
   56  75  1524
   57  76  2133
   58  84  4562
   61  69  1944
   65  80  3401
   67  77  1372
   78  82  1408
   78  84   676
   81  85   836
End
