NMec = 2020
T = 26
P = 4
Profits not ignored
Solution time = 6.130e+00
Task data
    0  59  6016
    4  30  4317
    5  11  1214
    5  24  3828
    6  19  2983
    9  62  8133
   11  12   310
   13  34  2891
   20  38  2729
   23  52  3572
   23  62  5869
   25  32  1699
   27  50  2437
   30  39  2437
   30  40  2253
   36  50  2426
   39  50  2046
   40  50  1229
   41  53  1916
   44  53  2909
   44  57  1594
   47  51   767
   47  58  1477
   48  59  1303
   48  64  2778
   54  64  2232
End
