NMec = 2020
T = 27
P = 6
Profits not ignored
Solution time = 1.393e+01
Task data
    0  38  5432
    0  42  4431
    1  40  6773
    1  43  6966
    3   6  1045
    4  15  1372
    5  21  2319
    6  23  2924
    7  23   974
    7  31  3485
    8  25  1517
   10  26  3182
   12  18  1480
   12  18   847
   12  31  3630
   14  27  1417
   17  29  3415
   18  42  3804
   20  25  1001
   22  26   786
   22  32  1636
   24  30  1275
   24  44  4794
   26  43  4363
   30  40  2147
   32  38  1817
   32  44  2044
End
