NMec = 2020
T = 27
P = 3
Profits not ignored
Solution time = 1.152e+01
Task data
    3   7   407
    7  89 14003
    9  12   458
    9  25  1197
   14  26  2151
   15  18   764
   15  35  1972
   19  23   674
   20  43  3793
   22  39  1561
   24  88 14485
   28  36   849
   29  38  2340
   31  43  1987
   34  45  2807
   36  44   901
   36  48  1971
   37  58  2709
   41  45  1037
   41  50  1897
   44  58  3662
   56  75  4366
   57  64  1027
   59  78  1874
   60  68  1482
   66  75  1965
   73  89  4094
End
