NMec = 2020
T = 28
P = 5
Profits not ignored
Solution time = 2.622e+01
Task data
    0  41  6073
    0  55  8324
    2  41  5129
    6  15  2034
   10  15  1111
   10  21  2692
   11  16   598
   13  30  1854
   18  38  2714
   18  46  5119
   19  37  2287
   22  34  1714
   23  46  4451
   25  36   865
   25  38  3499
   25  47  3666
   27  37  1090
   29  36  1816
   31  37  1111
   32  44  1055
   33  40   859
   36  52  1871
   37  40   665
   38  48  2570
   41  51  2779
   41  53  1714
   44  47   289
   44  55  2062
End
