NMec = 2020
T = 28
P = 1
Profits not ignored
Solution time = 1.954e+01
Task data
   18  30  2959
   27  40  1720
   38  42   580
   41  47  1359
   42  47   831
   42  49   627
   54  66  2306
   54  71  2543
   56  79  2085
   62  74  2377
   69  70   484
   81  93  2689
   84 106  3789
   87  97  2036
   97 108  1039
  111 117   782
  128 148  2141
  132 146  1387
  135 152  3463
  141 160  2030
  150 164  2053
  178 189  1717
  205 223  3517
  249 269  4364
  251 263  2226
  251 267  3710
  262 276  3077
  273 276   733
End
