NMec = 2020
T = 29
P = 1
Profits not ignored
Solution time = 4.155e+01
Task data
    6  12  1127
   31  55  4826
   35  42   755
   56  78  3375
   57  82  3047
   60  67   773
   67  73   766
   70  87  2706
   71 103  3880
   73  85  1693
   81  91  1844
   90 103  3012
  103 111  1438
  103 119  3901
  104 122  2853
  111 119  1761
  130 155  2464
  146 163  2079
  155 161   688
  180 204  6427
  191 200  1172
  201 206  1204
  206 217  1398
  222 236  1731
  236 246  2294
  246 262  1769
  253 267  2244
  257 269  1333
  278 285   485
End
