NMec = 2020
T = 29
P = 7
Profits not ignored
Solution time = 6.597e+01
Task data
    0  10  2315
    1  14  1951
    2   9   763
    2  14  2241
    2  39  3450
    3  32  4576
    3  41  2258
    4  11   885
    5  26  2895
    5  40  4553
    9  20   764
   10  20  1194
   10  27  4398
   14  26  1544
   15  23   634
   16  26  2087
   17  18   494
   17  32  2861
   19  26   897
   20  35  3236
   20  37  2634
   21  39  3353
   23  26  1148
   26  35  1180
   27  33   562
   27  34  1340
   28  41  2327
   29  33   318
   31  40  1041
End
