NMec = 2020
T = 29
P = 4
Profits not ignored
Solution time = 5.626e+01
Task data
    0   9  1493
    1  27  3722
    4  22  3235
    4  69  4905
    7  28  3260
    8  11   630
    8  23  1697
   14  28  1596
   16  36  5185
   17  23  1726
   19  22  1166
   20  34  1821
   24  40  4235
   24  55  3071
   26  44  2121
   30  42  2637
   34  47  1723
   36  50  2863
   36  55  3572
   37  49  3498
   41  56  1632
   41  62  2699
   44  54  1712
   44  58  1779
   46  55  1244
   46  66  2548
   52  62  2636
   52  66  1776
   54  62   680
End
