NMec = 2020
T = 29
P = 8
Profits not ignored
Solution time = 6.766e+01
Task data
    1   7   671
    1  36  3306
    2   8  1218
    2   8   443
    2  12  1672
    3  21  2656
    3  36  3114
    6  19  1255
    7  21  1822
    7  26  1960
    8  35  4967
    8  36  5585
    9  14   770
    9  17  1128
    9  22  3121
   12  15   281
   12  32  2700
   14  23  1340
   14  31  5059
   14  33  2262
   14  34  1944
   15  19  1033
   15  27  1010
   19  35  2113
   19  35  4128
   20  36  2471
   20  36  1820
   25  29   281
   27  33  1091
End
