NMec = 2020
T = 29
P = 6
Profits not ignored
Solution time = 6.286e+01
Task data
    1   7   492
    1  11  1615
    1  13  1293
    3  11  1591
    3  18  3370
    3  28  4727
    4  15  1949
    5  13  2132
    5  28  2126
    6  15  1341
    6  30  2949
    7  21  2028
    8  19  2449
   11  31  3240
   12  37  5891
   13  24  1185
   13  40  6743
   17  43  2741
   18  27  1443
   18  38  3333
   24  47  3036
   25  44  2758
   26  41  2187
   29  43  2609
   29  48  1807
   32  43  1033
   32  45  1597
   36  43  1101
   37  42   640
End
