NMec = 2020
T = 30
P = 1
Profits not ignored
Solution time = 8.923e+01
Task data
    1  10  1156
    9  21  2249
   21 289 41831
   29  43  1682
   36  49  1938
   36  52  3455
   49  62  2183
   52 298 51517
   64 258 45508
   79  88   719
   83 107  2055
   90 111  2436
   98 104   847
  101 107   643
  104 116  3411
  128 133   804
  131 298 17326
  138 145   577
  160 168  1691
  163 175   965
  167 189  5920
  201 222  2330
  202 210  1186
  226 231  1017
  234 252  5376
  244 253  2441
  245 254  1619
  247 264  1703
  251 274  2357
  267 283  2841
End
