NMec = 2020
T = 30
P = 6
Profits not ignored
Solution time = 1.312e+02
Task data
    0  47  5754
    1   4   437
    1  22  4749
    4  21  3732
    4  49  9216
    5  14   984
    6  23  4849
    6  44  8750
    9  20  1243
   11  14   411
   11  16  1271
   12  24  2564
   12  25  1823
   14  25  1987
   15  27  2167
   17  30  3036
   22  46  3103
   24  47  4790
   25  36  1151
   26  34  1350
   26  39  1546
   29  48  2189
   29  49  1910
   30  42  1785
   31  36   764
   35  38   614
   36  42   992
   38  46  1984
   39  45  1509
   39  48   673
End
