NMec = 2020
T = 30
P = 8
Profits not ignored
Solution time = 1.354e+02
Task data
    2  17  1909
    4  16  2107
    4  21  4282
    6  16  2586
    7  19  1196
    7  20  1535
    7  31  3489
    9  20  1682
   10  20  2204
   10  26  2185
   10  35  1375
   11  17  1359
   11  22  1928
   11  37  4351
   12  21  1312
   15  31  1620
   16  34  3128
   16  36  2088
   17  21  1473
   17  30  2761
   17  33  1684
   17  36  5018
   18  25  1992
   19  35  3505
   20  34  3843
   22  35  1928
   24  30   399
   25  37  3333
   26  37  2058
   27  33   941
End
