NMec = 2020
T = 30
P = 7
Profits not ignored
Solution time = 1.388e+02
Task data
    1  34  3611
    2   4   384
    3  14  1176
    3  41  3003
    4  11   928
    6  22  3579
    7  11   885
    8  18  2172
    8  21  1521
    9  20  1045
   11  19   750
   12  27  3473
   12  29  2931
   14  19  1032
   15  33  4416
   16  26  1196
   19  27  1735
   19  32  1022
   20  27   959
   20  28  1066
   20  38  2779
   23  32   893
   23  34  2040
   25  42  2073
   26  40  3033
   29  36  1240
   29  39  1807
   34  38   803
   34  39   614
   35  42  1329
End
