NMec = 2020
T = 30
P = 2
Profits not ignored
Solution time = 9.899e+01
Task data
    2  12  1772
    6  14  2032
    6  40  7527
   10  20  1695
   14  31  3597
   14  31  2827
   15  26  2412
   16  32  2238
   19  36  5293
   19  40  3020
   19 137 17715
   22  70  3919
   25  37  2709
   30  37  1406
   32  40  1161
   36  38   377
   40  45  1029
   45  63  2287
   50  65  1585
   55  70  2846
   61  74  1498
   61  77  2125
   67  98  4200
   86  99  2509
   89 101  3098
   95 117  3120
  108 125  1992
  121 134  2020
  127 136  2100
  132 134   427
End
