NMec = 2020
T = 31
P = 4
Profits not ignored
Solution time = 4.533e+02
Task data
    0  75  6358
    4  16  1608
    4  29  6307
    6   8   688
    6  14  1210
   13  18   725
   14  29  2706
   15  28  2713
   16  25   974
   18  31  2509
   18  36  4370
   20  38  2162
   21  27   894
   21  33   893
   22  37  4247
   25  26   211
   25  37  2344
   27  36  2470
   31  50  1307
   33  37   795
   36  57  3053
   39  42   817
   39  56  4151
   42  47   863
   45  52   635
   49  70  6011
   50  59  1141
   52  70  2252
   55  66   912
   62  74  1144
   67  75  2363
End
