NMec = 2020
T = 31
P = 6
Profits not ignored
Solution time = 5.264e+02
Task data
    0  13  2351
    1  50  9906
    2  12  1668
    2  22  1827
    5  11  1224
    6  13   921
    8  13  1013
    8  28  4791
   10  13   947
   11  28  2557
   13  27  1391
   14  25  1189
   14  35  4602
   16  17   251
   18  40  2529
   20  41  2709
   21  38  2076
   21  46  3360
   22  32  1479
   24  36   877
   26  35   698
   26  45  4231
   28  40  1178
   29  38  1007
   32  38  1070
   37  45   962
   37  46  2015
   37  46  2867
   38  44   494
   40  51  1227
   44  50   587
End
