NMec = 2020
T = 32
P = 7
Profits not ignored
Solution time = 1.164e+03
Task data
    1  45  5614
    2  17  3191
    2  19  2217
    2  37  6006
    3  25  2094
    3  25  4434
    4  23  3289
    5  31  2989
    6  12  1087
    7  18  1409
    8  43  5210
   10  41  4126
   11  25  1650
   13  24  1184
   14  24  1964
   14  32  2669
   16  33  2816
   17  21   777
   18  43  2752
   19  28  1412
   22  29  1469
   24  38  2024
   26  29   458
   27  29   363
   27  36  2441
   29  45  2337
   31  41  2438
   32  40  2028
   36  42   796
   36  43  1243
   38  39   215
   38  45  1885
End
