NMec = 2020
T = 32
P = 6
Profits not ignored
Solution time = 1.061e+03
Task data
    0  53  7993
    3  13  1142
    3  18  2565
    5  18  3156
    5  23  1713
    9  13   448
    9  33  4583
   11  24  2390
   12  22  1762
   13  32  3460
   13  48  1936
   14  28  1082
   15  38  2199
   17  30  2581
   19  24   854
   19  36  3831
   24  39  1732
   25  43  2289
   25  46  3051
   26  40  3130
   31  47  3601
   31  50  5169
   32  47  1557
   33  42   905
   33  49  3990
   34  51  1888
   35  42  1030
   36  43  1792
   37  46  2278
   37  49  1530
   43  48   717
   46  53   474
End
