NMec = 2020
T = 32
P = 8
Profits not ignored
Solution time = 1.314e+03
Task data
    0   6  1136
    1   5  1080
    2   5   611
    2  10  1163
    2  38  8688
    3   4   394
    3   6   694
    3  14  1281
    4  14  1298
    4  16  1405
    5   9  1443
    5  13  1593
    5  26  1412
    6  20  3060
    6  30  3933
    8  19  1210
    8  37  4107
    9  24  2713
   10  22  1658
   11  28  4722
   12  23  2078
   17  19   289
   17  34  5115
   17  35  1852
   20  29   809
   20  36  3659
   21  29  1623
   23  32  1589
   23  34  1266
   25  32  1471
   25  35   674
   27  30   754
End
