NMec = 2020
T = 32
P = 5
Profits not ignored
Solution time = 1.044e+03
Task data
    0  61  6348
    2  52  7112
    8  33  3324
   10  24  1991
   10  29  4707
   10  30  3430
   12  24  1667
   13  19   709
   13  29  1889
   15  28  2146
   16  19   575
   16  32  2713
   16  34  2435
   18  26   572
   20  47  4233
   24  60  2704
   27  41  1276
   29  53  4889
   32  39  1355
   32  50  2405
   39  50  1311
   40  53  1530
   43  49   691
   46  57  2275
   46  60  1579
   46  62  2064
   48  50   341
   48  58  1170
   49  58  1914
   50  53   609
   50  57  1115
   51  61  1245
End
